G3dErrFileVersion 2018P3.1
FlagFileMetaData Begin
   Mesh Size - Setup1, Refinement, Pass #1, Freq. 3.000000e+09 :Title    
   Listing of mesh elements with small segments. :ToolTip  
   hf3d :Author   
   1698998486 :TimeStamp
FlagFileMetaData End
BEGIN_ERR 
26 Small mesh segment detected on body : Region
 Small mesh segment detected on body : Region 
 Segment Statistics - Number of Segments : 1 --- Segment length(s) : 0.097545mm. The cutoff frequency for S-Matrix Only Solve is 3.05910671428571MHz 
3 -1  42  43  # nfids, fids[]
2 60  -1  # nbids, bids[]
      4 2 1 0 #ntets ntri ned npts
          -4.8096988499999999e-01  -1.2000000000000002e-01  -9.5670859999999996e-02 #xyz tv0
          -3.7500000000000000e-01  -1.2000000000000002e-01   0.0000000000000000e+00 #xyz tv1
          -4.6193976999999997e-01   1.2000000000000002e-01  -1.9134171999999999e-01 #xyz tv2
          -4.6193976999999997e-01  -1.2000000000000002e-01  -1.9134171999999999e-01 -1 60 #xyz tv3 fid bid
          -4.8096988499999999e-01  -1.2000000000000002e-01  -9.5670859999999996e-02 #xyz tv0
          -4.6193976999999997e-01   1.2000000000000002e-01  -1.9134171999999999e-01 #xyz tv1
          -1.0794642707354289e+00   1.0355825866315681e-01  -7.7870372283611100e-01 #xyz tv2
          -4.6193976999999997e-01  -1.2000000000000002e-01  -1.9134171999999999e-01 -1 60 #xyz tv3 fid bid
          -4.8096988499999999e-01  -1.2000000000000002e-01  -9.5670859999999996e-02 #xyz tv0
          -4.6193976999999997e-01  -5.3491200000000116e-01  -1.9134171999999999e-01 #xyz tv1
          -3.7500000000000000e-01  -1.2000000000000002e-01   0.0000000000000000e+00 #xyz tv2
          -4.6193976999999997e-01  -1.2000000000000002e-01  -1.9134171999999999e-01 -1 60 #xyz tv3 fid bid
          -4.8096988499999999e-01  -1.2000000000000002e-01  -9.5670859999999996e-02 #xyz tv0
          -1.0794642707354289e+00   1.0355825866315681e-01  -7.7870372283611100e-01 #xyz tv1
          -4.6193976999999997e-01  -5.3491200000000116e-01  -1.9134171999999999e-01 #xyz tv2
          -4.6193976999999997e-01  -1.2000000000000002e-01  -1.9134171999999999e-01 -1 60 #xyz tv3 fid bid
          -4.8096988499999999e-01  -1.2000000000000002e-01  -9.5670859999999996e-02 #xyz tv0
          -4.6193976999999997e-01  -1.2000000000000002e-01  -1.9134171999999999e-01 #xyz tv1
          -4.6193976999999997e-01  -5.3491200000000116e-01  -1.9134171999999999e-01 42 -1 #xyz tv2 fid bid
          -4.8096988499999999e-01  -1.2000000000000002e-01  -9.5670859999999996e-02 #xyz tv0
          -3.7500000000000000e-01  -1.2000000000000002e-01   0.0000000000000000e+00 #xyz tv1
          -4.6193976999999997e-01  -1.2000000000000002e-01  -1.9134171999999999e-01 43 -1 #xyz tv2 fid bid
          -4.8096988499999999e-01  -1.2000000000000002e-01  -9.5670859999999996e-02 #xyz ev0
          -4.6193976999999997e-01  -1.2000000000000002e-01  -1.9134171999999999e-01 -1 60 #xyz ev1 fid bid
   0   0.000000000000e+00   0.000000000000e+00   0.000000000000e+00 #flag location
END_ERR 
G3dErrFileVersion 2018P3.1
FlagFileMetaData Begin
   Mesh Size - Setup1, Refinement, Pass #2, Freq. 3.000000e+09 :Title    
   Listing of mesh elements with small segments. :ToolTip  
   hf3d :Author   
   1698998488 :TimeStamp
FlagFileMetaData End
BEGIN_ERR 
26 Small mesh segment detected on body : Region
 Small mesh segment detected on body : Region 
 Segment Statistics - Number of Segments : 1 --- Segment length(s) : 0.097545mm. The cutoff frequency for S-Matrix Only Solve is 3.05910671428571MHz 
3 -1  42  43  # nfids, fids[]
2 60  -1  # nbids, bids[]
      4 2 1 0 #ntets ntri ned npts
          -4.8096988499999999e-01  -1.2000000000000002e-01  -9.5670859999999996e-02 #xyz tv0
          -3.7500000000000000e-01  -1.2000000000000002e-01   0.0000000000000000e+00 #xyz tv1
          -4.6193976999999997e-01   1.2000000000000002e-01  -1.9134171999999999e-01 #xyz tv2
          -4.6193976999999997e-01  -1.2000000000000002e-01  -1.9134171999999999e-01 -1 60 #xyz tv3 fid bid
          -4.8096988499999999e-01  -1.2000000000000002e-01  -9.5670859999999996e-02 #xyz tv0
          -4.6193976999999997e-01   1.2000000000000002e-01  -1.9134171999999999e-01 #xyz tv1
          -1.0794642707354289e+00   1.0355825866315681e-01  -7.7870372283611100e-01 #xyz tv2
          -4.6193976999999997e-01  -1.2000000000000002e-01  -1.9134171999999999e-01 -1 60 #xyz tv3 fid bid
          -4.8096988499999999e-01  -1.2000000000000002e-01  -9.5670859999999996e-02 #xyz tv0
          -4.6193976999999997e-01  -5.3491200000000116e-01  -1.9134171999999999e-01 #xyz tv1
          -3.7500000000000000e-01  -1.2000000000000002e-01   0.0000000000000000e+00 #xyz tv2
          -4.6193976999999997e-01  -1.2000000000000002e-01  -1.9134171999999999e-01 -1 60 #xyz tv3 fid bid
          -4.8096988499999999e-01  -1.2000000000000002e-01  -9.5670859999999996e-02 #xyz tv0
          -1.0794642707354289e+00   1.0355825866315681e-01  -7.7870372283611100e-01 #xyz tv1
          -4.6193976999999997e-01  -5.3491200000000116e-01  -1.9134171999999999e-01 #xyz tv2
          -4.6193976999999997e-01  -1.2000000000000002e-01  -1.9134171999999999e-01 -1 60 #xyz tv3 fid bid
          -4.8096988499999999e-01  -1.2000000000000002e-01  -9.5670859999999996e-02 #xyz tv0
          -4.6193976999999997e-01  -1.2000000000000002e-01  -1.9134171999999999e-01 #xyz tv1
          -4.6193976999999997e-01  -5.3491200000000116e-01  -1.9134171999999999e-01 42 -1 #xyz tv2 fid bid
          -4.8096988499999999e-01  -1.2000000000000002e-01  -9.5670859999999996e-02 #xyz tv0
          -3.7500000000000000e-01  -1.2000000000000002e-01   0.0000000000000000e+00 #xyz tv1
          -4.6193976999999997e-01  -1.2000000000000002e-01  -1.9134171999999999e-01 43 -1 #xyz tv2 fid bid
          -4.8096988499999999e-01  -1.2000000000000002e-01  -9.5670859999999996e-02 #xyz ev0
          -4.6193976999999997e-01  -1.2000000000000002e-01  -1.9134171999999999e-01 -1 60 #xyz ev1 fid bid
   0   0.000000000000e+00   0.000000000000e+00   0.000000000000e+00 #flag location
END_ERR 
G3dErrFileVersion 2018P3.1
FlagFileMetaData Begin
   Mesh Size - Setup1, Refinement, Pass #3, Freq. 3.000000e+09 :Title    
   Listing of mesh elements with small segments. :ToolTip  
   hf3d :Author   
   1698998491 :TimeStamp
FlagFileMetaData End
BEGIN_ERR 
26 Small mesh segment detected on body : Region
 Small mesh segment detected on body : Region 
 Segment Statistics - Number of Segments : 1 --- Segment length(s) : 0.097545mm. The cutoff frequency for S-Matrix Only Solve is 3.05910671428571MHz 
3 -1  42  43  # nfids, fids[]
2 60  -1  # nbids, bids[]
      5 2 1 0 #ntets ntri ned npts
          -4.6193976999999997e-01  -1.2000000000000002e-01  -1.9134171999999999e-01 #xyz tv0
          -4.1666666666666663e-01   0.0000000000000000e+00   0.0000000000000000e+00 #xyz tv1
          -4.8096988499999999e-01  -1.2000000000000002e-01  -9.5670859999999996e-02 #xyz tv2
          -4.6193976999999997e-01   1.2000000000000002e-01  -1.9134171999999999e-01 -1 60 #xyz tv3 fid bid
          -4.6193976999999997e-01  -1.2000000000000002e-01  -1.9134171999999999e-01 #xyz tv0
          -4.8096988499999999e-01  -1.2000000000000002e-01  -9.5670859999999996e-02 #xyz tv1
          -4.1666666666666663e-01   0.0000000000000000e+00   0.0000000000000000e+00 #xyz tv2
          -3.7500000000000000e-01  -1.2000000000000002e-01   0.0000000000000000e+00 -1 60 #xyz tv3 fid bid
          -4.6193976999999997e-01  -1.2000000000000002e-01  -1.9134171999999999e-01 #xyz tv0
          -8.3754698403834915e-01   3.0681883490838285e-01  -2.3252397346638191e-02 #xyz tv1
          -4.6193976999999997e-01   1.2000000000000002e-01  -1.9134171999999999e-01 #xyz tv2
          -4.8096988499999999e-01  -1.2000000000000002e-01  -9.5670859999999996e-02 -1 60 #xyz tv3 fid bid
          -4.8096988499999999e-01  -1.2000000000000002e-01  -9.5670859999999996e-02 #xyz tv0
          -4.6193976999999997e-01  -5.3491200000000116e-01  -1.9134171999999999e-01 #xyz tv1
          -3.7500000000000000e-01  -1.2000000000000002e-01   0.0000000000000000e+00 #xyz tv2
          -4.6193976999999997e-01  -1.2000000000000002e-01  -1.9134171999999999e-01 -1 60 #xyz tv3 fid bid
          -4.6193976999999997e-01  -5.3491200000000116e-01  -1.9134171999999999e-01 #xyz tv0
          -8.3754698403834915e-01   3.0681883490838285e-01  -2.3252397346638191e-02 #xyz tv1
          -4.6193976999999997e-01  -1.2000000000000002e-01  -1.9134171999999999e-01 #xyz tv2
          -4.8096988499999999e-01  -1.2000000000000002e-01  -9.5670859999999996e-02 -1 60 #xyz tv3 fid bid
          -4.8096988499999999e-01  -1.2000000000000002e-01  -9.5670859999999996e-02 #xyz tv0
          -4.6193976999999997e-01  -1.2000000000000002e-01  -1.9134171999999999e-01 #xyz tv1
          -4.6193976999999997e-01  -5.3491200000000116e-01  -1.9134171999999999e-01 42 -1 #xyz tv2 fid bid
          -4.8096988499999999e-01  -1.2000000000000002e-01  -9.5670859999999996e-02 #xyz tv0
          -3.7500000000000000e-01  -1.2000000000000002e-01   0.0000000000000000e+00 #xyz tv1
          -4.6193976999999997e-01  -1.2000000000000002e-01  -1.9134171999999999e-01 43 -1 #xyz tv2 fid bid
          -4.8096988499999999e-01  -1.2000000000000002e-01  -9.5670859999999996e-02 #xyz ev0
          -4.6193976999999997e-01  -1.2000000000000002e-01  -1.9134171999999999e-01 -1 60 #xyz ev1 fid bid
   0   0.000000000000e+00   0.000000000000e+00   0.000000000000e+00 #flag location
END_ERR 
G3dErrFileVersion 2018P3.1
FlagFileMetaData Begin
   Mesh Size - Setup1, Refinement, Pass #4, Freq. 3.000000e+09 :Title    
   Listing of mesh elements with small segments. :ToolTip  
   hf3d :Author   
   1698998494 :TimeStamp
FlagFileMetaData End
BEGIN_ERR 
26 Small mesh segment detected on body : Region
 Small mesh segment detected on body : Region 
 Segment Statistics - Number of Segments : 1 --- Segment length(s) : 0.097545mm. The cutoff frequency for S-Matrix Only Solve is 3.05910671428571MHz 
3 -1  42  43  # nfids, fids[]
2 60  -1  # nbids, bids[]
      6 2 1 0 #ntets ntri ned npts
          -1.2675667829416830e+00  -7.1848815795647736e-01  -1.9092103152344747e-01 #xyz tv0
          -4.6193976999999997e-01  -1.2000000000000002e-01  -1.9134171999999999e-01 #xyz tv1
          -4.8096988499999999e-01  -1.2000000000000002e-01  -9.5670859999999996e-02 #xyz tv2
          -8.5236443990399535e-01   5.4986725451808360e-01  -2.1562423895476454e-02 -1 60 #xyz tv3 fid bid
          -1.2675667829416830e+00  -7.1848815795647736e-01  -1.9092103152344747e-01 #xyz tv0
          -4.8096988499999999e-01  -1.2000000000000002e-01  -9.5670859999999996e-02 #xyz tv1
          -4.6193976999999997e-01  -1.2000000000000002e-01  -1.9134171999999999e-01 #xyz tv2
          -4.6193976999999997e-01  -5.3491200000000116e-01  -1.9134171999999999e-01 -1 60 #xyz tv3 fid bid
          -4.6193976999999997e-01  -1.2000000000000002e-01  -1.9134171999999999e-01 #xyz tv0
          -8.5236443990399535e-01   5.4986725451808360e-01  -2.1562423895476454e-02 #xyz tv1
          -4.6193976999999997e-01   1.2000000000000002e-01  -1.9134171999999999e-01 #xyz tv2
          -4.8096988499999999e-01  -1.2000000000000002e-01  -9.5670859999999996e-02 -1 60 #xyz tv3 fid bid
          -4.8096988499999999e-01  -1.2000000000000002e-01  -9.5670859999999996e-02 #xyz tv0
          -4.6193976999999997e-01  -5.3491200000000116e-01  -1.9134171999999999e-01 #xyz tv1
          -3.7500000000000000e-01  -1.2000000000000002e-01   0.0000000000000000e+00 #xyz tv2
          -4.6193976999999997e-01  -1.2000000000000002e-01  -1.9134171999999999e-01 -1 60 #xyz tv3 fid bid
          -4.6193976999999997e-01  -1.2000000000000002e-01  -1.9134171999999999e-01 #xyz tv0
          -4.1666666666666663e-01   0.0000000000000000e+00   0.0000000000000000e+00 #xyz tv1
          -4.8096988499999999e-01  -1.2000000000000002e-01  -9.5670859999999996e-02 #xyz tv2
          -4.6193976999999997e-01   1.2000000000000002e-01  -1.9134171999999999e-01 -1 60 #xyz tv3 fid bid
          -4.6193976999999997e-01  -1.2000000000000002e-01  -1.9134171999999999e-01 #xyz tv0
          -4.8096988499999999e-01  -1.2000000000000002e-01  -9.5670859999999996e-02 #xyz tv1
          -4.1666666666666663e-01   0.0000000000000000e+00   0.0000000000000000e+00 #xyz tv2
          -3.7500000000000000e-01  -1.2000000000000002e-01   0.0000000000000000e+00 -1 60 #xyz tv3 fid bid
          -4.8096988499999999e-01  -1.2000000000000002e-01  -9.5670859999999996e-02 #xyz tv0
          -4.6193976999999997e-01  -1.2000000000000002e-01  -1.9134171999999999e-01 #xyz tv1
          -4.6193976999999997e-01  -5.3491200000000116e-01  -1.9134171999999999e-01 42 -1 #xyz tv2 fid bid
          -4.8096988499999999e-01  -1.2000000000000002e-01  -9.5670859999999996e-02 #xyz tv0
          -3.7500000000000000e-01  -1.2000000000000002e-01   0.0000000000000000e+00 #xyz tv1
          -4.6193976999999997e-01  -1.2000000000000002e-01  -1.9134171999999999e-01 43 -1 #xyz tv2 fid bid
          -4.8096988499999999e-01  -1.2000000000000002e-01  -9.5670859999999996e-02 #xyz ev0
          -4.6193976999999997e-01  -1.2000000000000002e-01  -1.9134171999999999e-01 -1 60 #xyz ev1 fid bid
   0   0.000000000000e+00   0.000000000000e+00   0.000000000000e+00 #flag location
END_ERR 
G3dErrFileVersion 2018P3.1
FlagFileMetaData Begin
   Mesh Size - Setup1, Refinement, Pass #1, Freq. 3.000000e+09 :Title    
   Listing of mesh elements with small segments. :ToolTip  
   hf3d :Author   
   1698998859 :TimeStamp
FlagFileMetaData End
BEGIN_ERR 
26 Small mesh segment detected on body : Region
 Small mesh segment detected on body : Region 
 Segment Statistics - Number of Segments : 1 --- Segment length(s) : 0.012003mm. The cutoff frequency for S-Matrix Only Solve is 6.2425549308679MHz 
2 -1  61  # nfids, fids[]
2 60  -1  # nbids, bids[]
      7 2 1 0 #ntets ntri ned npts
           1.9134172000000002e-01   2.4000000000000000e+01   4.6193977000000003e-01 #xyz tv0
          -4.9978894855212839e-03   2.4000000000000000e+01   1.2065972436262881e-02 #xyz tv1
           0.0000000000000000e+00   2.4012000000000000e+01   5.0024999999999997e-01 #xyz tv2
           0.0000000000000000e+00   2.4000000000000000e+01   5.0000000000000000e-01 -1 60 #xyz tv3 fid bid
          -4.9978894855212839e-03   2.4000000000000000e+01   1.2065972436262881e-02 #xyz tv0
           0.0000000000000000e+00   2.4012000000000000e+01   5.0024999999999997e-01 #xyz tv1
           0.0000000000000000e+00   2.4000000000000000e+01   5.0000000000000000e-01 #xyz tv2
          -1.9134172000000002e-01   2.4000000000000000e+01   4.6193977000000003e-01 -1 60 #xyz tv3 fid bid
           5.0024999999999997e-01   2.4012000000000000e+01   5.0024999999999997e-01 #xyz tv0
           1.9134172000000002e-01   2.4000000000000000e+01   4.6193977000000003e-01 #xyz tv1
           0.0000000000000000e+00   2.4012000000000000e+01   5.0024999999999997e-01 #xyz tv2
           0.0000000000000000e+00   2.4000000000000000e+01   5.0000000000000000e-01 -1 60 #xyz tv3 fid bid
          -1.9134172000000002e-01   2.4000000000000000e+01   4.6193977000000003e-01 #xyz tv0
          -5.0024999999999997e-01   2.4012000000000000e+01   5.0024999999999997e-01 #xyz tv1
           0.0000000000000000e+00   2.4012000000000000e+01   5.0024999999999997e-01 #xyz tv2
           0.0000000000000000e+00   2.4000000000000000e+01   5.0000000000000000e-01 -1 60 #xyz tv3 fid bid
           0.0000000000000000e+00   2.4012000000000000e+01   5.0024999999999997e-01 #xyz tv0
           5.0024999999999997e-01   2.4012000000000000e+01   5.0024999999999997e-01 #xyz tv1
           0.0000000000000000e+00   2.4000000000000000e+01   5.0000000000000000e-01 #xyz tv2
           1.7309091802104548e-01   2.4076426144393611e+01   5.8949286327957129e-01 -1 60 #xyz tv3 fid bid
           0.0000000000000000e+00   2.4012000000000000e+01   5.0024999999999997e-01 #xyz tv0
          -5.0024999999999997e-01   2.4012000000000000e+01   5.0024999999999997e-01 #xyz tv1
          -2.2392768823805065e-01   2.4150643737383803e+01   6.9421151688311444e-01 #xyz tv2
           0.0000000000000000e+00   2.4000000000000000e+01   5.0000000000000000e-01 -1 60 #xyz tv3 fid bid
           0.0000000000000000e+00   2.4012000000000000e+01   5.0024999999999997e-01 #xyz tv0
           1.7309091802104548e-01   2.4076426144393611e+01   5.8949286327957129e-01 #xyz tv1
           0.0000000000000000e+00   2.4000000000000000e+01   5.0000000000000000e-01 #xyz tv2
          -2.2392768823805065e-01   2.4150643737383803e+01   6.9421151688311444e-01 -1 60 #xyz tv3 fid bid
           5.0024999999999997e-01   2.4012000000000000e+01   5.0024999999999997e-01 #xyz tv0
           0.0000000000000000e+00   2.4000000000000000e+01   5.0000000000000000e-01 #xyz tv1
           0.0000000000000000e+00   2.4012000000000000e+01   5.0024999999999997e-01 61 -1 #xyz tv2 fid bid
           0.0000000000000000e+00   2.4012000000000000e+01   5.0024999999999997e-01 #xyz tv0
           0.0000000000000000e+00   2.4000000000000000e+01   5.0000000000000000e-01 #xyz tv1
          -5.0024999999999997e-01   2.4012000000000000e+01   5.0024999999999997e-01 61 -1 #xyz tv2 fid bid
           0.0000000000000000e+00   2.4000000000000000e+01   5.0000000000000000e-01 #xyz ev0
           0.0000000000000000e+00   2.4012000000000000e+01   5.0024999999999997e-01 -1 60 #xyz ev1 fid bid
   0   0.000000000000e+00   0.000000000000e+00   0.000000000000e+00 #flag location
END_ERR 
BEGIN_ERR 
26 Small mesh segment detected on body : Region
 Small mesh segment detected on body : Region 
 Segment Statistics - Number of Segments : 1 --- Segment length(s) : 0.013696mm. The cutoff frequency for S-Matrix Only Solve is 6.2425549308679MHz 
2 -1  66  # nfids, fids[]
2 60  -1  # nbids, bids[]
      7 2 1 0 #ntets ntri ned npts
           5.0000000000000000e-01  -2.4000000000000000e+01   0.0000000000000000e+00 #xyz tv0
           5.0024999999999997e-01  -2.4012000000000000e+01   6.5971897404406765e-03 #xyz tv1
           3.5355339000000002e-01  -2.4000000000000000e+01  -3.5355339000000002e-01 #xyz tv2
           3.5355339000000002e-01  -2.4000000000000000e+01   3.5355339000000002e-01 -1 60 #xyz tv3 fid bid
           5.0000000000000000e-01  -2.4000000000000000e+01   0.0000000000000000e+00 #xyz tv0
           3.5355339000000002e-01  -2.4000000000000000e+01  -3.5355339000000002e-01 #xyz tv1
           5.0024999999999997e-01  -2.4012000000000000e+01   6.5971897404406765e-03 #xyz tv2
           4.6193977000000003e-01  -2.4000000000000000e+01  -1.9134172000000002e-01 -1 60 #xyz tv3 fid bid
           3.5355339000000002e-01  -2.4000000000000000e+01   3.5355339000000002e-01 #xyz tv0
           5.0000000000000000e-01  -2.4000000000000000e+01   0.0000000000000000e+00 #xyz tv1
           5.0024999999999997e-01  -2.4012000000000000e+01   6.5971897404406765e-03 #xyz tv2
           4.6193977000000003e-01  -2.4000000000000000e+01   1.9134172000000002e-01 -1 60 #xyz tv3 fid bid
           5.0024999999999997e-01  -2.4012000000000000e+01  -2.4595725502496019e-01 #xyz tv0
           5.0000000000000000e-01  -2.4000000000000000e+01   0.0000000000000000e+00 #xyz tv1
           5.0024999999999997e-01  -2.4012000000000000e+01   6.5971897404406765e-03 #xyz tv2
           4.6193977000000003e-01  -2.4000000000000000e+01  -1.9134172000000002e-01 -1 60 #xyz tv3 fid bid
           5.0000000000000000e-01  -2.4000000000000000e+01   0.0000000000000000e+00 #xyz tv0
           4.6193977000000003e-01  -2.4000000000000000e+01   1.9134172000000002e-01 #xyz tv1
           5.0024999999999997e-01  -2.4012000000000000e+01   5.0024999999999997e-01 #xyz tv2
           5.0024999999999997e-01  -2.4012000000000000e+01   6.5971897404406765e-03 -1 60 #xyz tv3 fid bid
           5.0024999999999997e-01  -2.4012000000000000e+01  -2.4595725502496019e-01 #xyz tv0
           5.0024999999999997e-01  -2.4012000000000000e+01   6.5971897404406765e-03 #xyz tv1
           5.0000000000000000e-01  -2.4000000000000000e+01   0.0000000000000000e+00 #xyz tv2
           1.0124855655725837e+00  -2.3809169711920966e+01   1.3423829219322786e-01 -1 60 #xyz tv3 fid bid
           1.0124855655725837e+00  -2.3809169711920966e+01   1.3423829219322786e-01 #xyz tv0
           5.0000000000000000e-01  -2.4000000000000000e+01   0.0000000000000000e+00 #xyz tv1
           5.0024999999999997e-01  -2.4012000000000000e+01   5.0024999999999997e-01 #xyz tv2
           5.0024999999999997e-01  -2.4012000000000000e+01   6.5971897404406765e-03 -1 60 #xyz tv3 fid bid
           5.0000000000000000e-01  -2.4000000000000000e+01   0.0000000000000000e+00 #xyz tv0
           5.0024999999999997e-01  -2.4012000000000000e+01  -2.4595725502496019e-01 #xyz tv1
           5.0024999999999997e-01  -2.4012000000000000e+01   6.5971897404406765e-03 66 -1 #xyz tv2 fid bid
           5.0024999999999997e-01  -2.4012000000000000e+01   5.0024999999999997e-01 #xyz tv0
           5.0000000000000000e-01  -2.4000000000000000e+01   0.0000000000000000e+00 #xyz tv1
           5.0024999999999997e-01  -2.4012000000000000e+01   6.5971897404406765e-03 66 -1 #xyz tv2 fid bid
           5.0024999999999997e-01  -2.4012000000000000e+01   6.5971897404406765e-03 #xyz ev0
           5.0000000000000000e-01  -2.4000000000000000e+01   0.0000000000000000e+00 -1 60 #xyz ev1 fid bid
   0   0.000000000000e+00   0.000000000000e+00   0.000000000000e+00 #flag location
END_ERR 
G3dErrFileVersion 2018P3.1
FlagFileMetaData Begin
   Mesh Size - Setup1, Refinement, Pass #2, Freq. 3.000000e+09 :Title    
   Listing of mesh elements with small segments. :ToolTip  
   hf3d :Author   
   1698998862 :TimeStamp
FlagFileMetaData End
BEGIN_ERR 
26 Small mesh segment detected on body : Region
 Small mesh segment detected on body : Region 
 Segment Statistics - Number of Segments : 1 --- Segment length(s) : 0.012003mm. The cutoff frequency for S-Matrix Only Solve is 6.2425549308679MHz 
2 -1  61  # nfids, fids[]
2 60  -1  # nbids, bids[]
      7 2 1 0 #ntets ntri ned npts
           1.9134172000000002e-01   2.4000000000000000e+01   4.6193977000000003e-01 #xyz tv0
          -4.9978894855212839e-03   2.4000000000000000e+01   1.2065972436262881e-02 #xyz tv1
           0.0000000000000000e+00   2.4012000000000000e+01   5.0024999999999997e-01 #xyz tv2
           0.0000000000000000e+00   2.4000000000000000e+01   5.0000000000000000e-01 -1 60 #xyz tv3 fid bid
          -4.9978894855212839e-03   2.4000000000000000e+01   1.2065972436262881e-02 #xyz tv0
           0.0000000000000000e+00   2.4012000000000000e+01   5.0024999999999997e-01 #xyz tv1
           0.0000000000000000e+00   2.4000000000000000e+01   5.0000000000000000e-01 #xyz tv2
          -1.9134172000000002e-01   2.4000000000000000e+01   4.6193977000000003e-01 -1 60 #xyz tv3 fid bid
           5.0024999999999997e-01   2.4012000000000000e+01   5.0024999999999997e-01 #xyz tv0
           1.9134172000000002e-01   2.4000000000000000e+01   4.6193977000000003e-01 #xyz tv1
           0.0000000000000000e+00   2.4012000000000000e+01   5.0024999999999997e-01 #xyz tv2
           0.0000000000000000e+00   2.4000000000000000e+01   5.0000000000000000e-01 -1 60 #xyz tv3 fid bid
          -1.9134172000000002e-01   2.4000000000000000e+01   4.6193977000000003e-01 #xyz tv0
          -5.0024999999999997e-01   2.4012000000000000e+01   5.0024999999999997e-01 #xyz tv1
           0.0000000000000000e+00   2.4012000000000000e+01   5.0024999999999997e-01 #xyz tv2
           0.0000000000000000e+00   2.4000000000000000e+01   5.0000000000000000e-01 -1 60 #xyz tv3 fid bid
           0.0000000000000000e+00   2.4012000000000000e+01   5.0024999999999997e-01 #xyz tv0
           5.0024999999999997e-01   2.4012000000000000e+01   5.0024999999999997e-01 #xyz tv1
           0.0000000000000000e+00   2.4000000000000000e+01   5.0000000000000000e-01 #xyz tv2
           1.7309091802104548e-01   2.4076426144393611e+01   5.8949286327957129e-01 -1 60 #xyz tv3 fid bid
           0.0000000000000000e+00   2.4012000000000000e+01   5.0024999999999997e-01 #xyz tv0
          -5.0024999999999997e-01   2.4012000000000000e+01   5.0024999999999997e-01 #xyz tv1
          -2.2392768823805065e-01   2.4150643737383803e+01   6.9421151688311444e-01 #xyz tv2
           0.0000000000000000e+00   2.4000000000000000e+01   5.0000000000000000e-01 -1 60 #xyz tv3 fid bid
           0.0000000000000000e+00   2.4012000000000000e+01   5.0024999999999997e-01 #xyz tv0
           1.7309091802104548e-01   2.4076426144393611e+01   5.8949286327957129e-01 #xyz tv1
           0.0000000000000000e+00   2.4000000000000000e+01   5.0000000000000000e-01 #xyz tv2
          -2.2392768823805065e-01   2.4150643737383803e+01   6.9421151688311444e-01 -1 60 #xyz tv3 fid bid
           5.0024999999999997e-01   2.4012000000000000e+01   5.0024999999999997e-01 #xyz tv0
           0.0000000000000000e+00   2.4000000000000000e+01   5.0000000000000000e-01 #xyz tv1
           0.0000000000000000e+00   2.4012000000000000e+01   5.0024999999999997e-01 61 -1 #xyz tv2 fid bid
           0.0000000000000000e+00   2.4012000000000000e+01   5.0024999999999997e-01 #xyz tv0
           0.0000000000000000e+00   2.4000000000000000e+01   5.0000000000000000e-01 #xyz tv1
          -5.0024999999999997e-01   2.4012000000000000e+01   5.0024999999999997e-01 61 -1 #xyz tv2 fid bid
           0.0000000000000000e+00   2.4000000000000000e+01   5.0000000000000000e-01 #xyz ev0
           0.0000000000000000e+00   2.4012000000000000e+01   5.0024999999999997e-01 -1 60 #xyz ev1 fid bid
   0   0.000000000000e+00   0.000000000000e+00   0.000000000000e+00 #flag location
END_ERR 
BEGIN_ERR 
26 Small mesh segment detected on body : Region
 Small mesh segment detected on body : Region 
 Segment Statistics - Number of Segments : 1 --- Segment length(s) : 0.013696mm. The cutoff frequency for S-Matrix Only Solve is 6.2425549308679MHz 
2 -1  62  # nfids, fids[]
2 60  -1  # nbids, bids[]
      7 2 1 0 #ntets ntri ned npts
          -3.5355339000000002e-01  -2.4000000000000000e+01  -3.5355339000000002e-01 #xyz tv0
           0.0000000000000000e+00  -2.4000000000000000e+01  -5.0000000000000000e-01 #xyz tv1
           6.5971897404406765e-03  -2.4012000000000000e+01  -5.0024999999999997e-01 #xyz tv2
           3.5355339000000002e-01  -2.4000000000000000e+01  -3.5355339000000002e-01 -1 60 #xyz tv3 fid bid
          -3.5355339000000002e-01  -2.4000000000000000e+01  -3.5355339000000002e-01 #xyz tv0
           6.5971897404406765e-03  -2.4012000000000000e+01  -5.0024999999999997e-01 #xyz tv1
           0.0000000000000000e+00  -2.4000000000000000e+01  -5.0000000000000000e-01 #xyz tv2
          -1.9134172000000002e-01  -2.4000000000000000e+01  -4.6193977000000003e-01 -1 60 #xyz tv3 fid bid
           3.5355339000000002e-01  -2.4000000000000000e+01  -3.5355339000000002e-01 #xyz tv0
           0.0000000000000000e+00  -2.4000000000000000e+01  -5.0000000000000000e-01 #xyz tv1
           6.5971897404406765e-03  -2.4012000000000000e+01  -5.0024999999999997e-01 #xyz tv2
           1.9134172000000002e-01  -2.4000000000000000e+01  -4.6193977000000003e-01 -1 60 #xyz tv3 fid bid
          -2.4660911760357479e-01  -2.4012000000000000e+01  -5.0024999999999997e-01 #xyz tv0
           0.0000000000000000e+00  -2.4000000000000000e+01  -5.0000000000000000e-01 #xyz tv1
           6.5971897404406765e-03  -2.4012000000000000e+01  -5.0024999999999997e-01 #xyz tv2
          -1.9134172000000002e-01  -2.4000000000000000e+01  -4.6193977000000003e-01 -1 60 #xyz tv3 fid bid
           6.5971897404406765e-03  -2.4012000000000000e+01  -5.0024999999999997e-01 #xyz tv0
           0.0000000000000000e+00  -2.4000000000000000e+01  -5.0000000000000000e-01 #xyz tv1
           0.0000000000000000e+00  -2.3541155995264027e+01  -5.0000000000000000e-01 #xyz tv2
           1.9134172000000002e-01  -2.4000000000000000e+01  -4.6193977000000003e-01 -1 60 #xyz tv3 fid bid
          -2.4660911760357479e-01  -2.4012000000000000e+01  -5.0024999999999997e-01 #xyz tv0
           6.5971897404406765e-03  -2.4012000000000000e+01  -5.0024999999999997e-01 #xyz tv1
           0.0000000000000000e+00  -2.4000000000000000e+01  -5.0000000000000000e-01 #xyz tv2
           6.3811976024211500e-02  -2.3960822928334998e+01  -8.5517508874286996e-01 -1 60 #xyz tv3 fid bid
           6.5971897404406765e-03  -2.4012000000000000e+01  -5.0024999999999997e-01 #xyz tv0
           0.0000000000000000e+00  -2.3541155995264027e+01  -5.0000000000000000e-01 #xyz tv1
           0.0000000000000000e+00  -2.4000000000000000e+01  -5.0000000000000000e-01 #xyz tv2
           6.3811976024211500e-02  -2.3960822928334998e+01  -8.5517508874286996e-01 -1 60 #xyz tv3 fid bid
           6.5971897404406765e-03  -2.4012000000000000e+01  -5.0024999999999997e-01 #xyz tv0
           0.0000000000000000e+00  -2.4000000000000000e+01  -5.0000000000000000e-01 #xyz tv1
          -2.4660911760357479e-01  -2.4012000000000000e+01  -5.0024999999999997e-01 62 -1 #xyz tv2 fid bid
           0.0000000000000000e+00  -2.4000000000000000e+01  -5.0000000000000000e-01 #xyz tv0
           6.5971897404406765e-03  -2.4012000000000000e+01  -5.0024999999999997e-01 #xyz tv1
           0.0000000000000000e+00  -2.3541155995264027e+01  -5.0000000000000000e-01 62 -1 #xyz tv2 fid bid
           6.5971897404406765e-03  -2.4012000000000000e+01  -5.0024999999999997e-01 #xyz ev0
           0.0000000000000000e+00  -2.4000000000000000e+01  -5.0000000000000000e-01 -1 60 #xyz ev1 fid bid
   0   0.000000000000e+00   0.000000000000e+00   0.000000000000e+00 #flag location
END_ERR 
G3dErrFileVersion 2018P3.1
FlagFileMetaData Begin
   Mesh Size - Setup1, Refinement, Pass #1, Freq. 3.000000e+09 :Title    
   Listing of mesh elements with small segments. :ToolTip  
   hf3d :Author   
   1698999391 :TimeStamp
FlagFileMetaData End
BEGIN_ERR 
26 Small mesh segment detected on body : Region
 Small mesh segment detected on body : Region 
 Segment Statistics - Number of Segments : 1 --- Segment length(s) : 0.062500mm. The cutoff frequency for S-Matrix Only Solve is 3.05910671428571MHz 
2 -1  58  # nfids, fids[]
2 60  -1  # nbids, bids[]
      6 2 1 0 #ntets ntri ned npts
          -4.6193976999999997e-01   1.2000000000000002e-01   1.9134171999999999e-01 #xyz tv0
          -4.3750000000000000e-01   0.0000000000000000e+00   0.0000000000000000e+00 #xyz tv1
          -5.0000000000000000e-01   0.0000000000000000e+00   0.0000000000000000e+00 #xyz tv2
          -4.6193976999999997e-01  -1.2000000000000002e-01   1.9134171999999999e-01 -1 60 #xyz tv3 fid bid
          -4.6193976999999997e-01   1.2000000000000002e-01   1.9134171999999999e-01 #xyz tv0
          -5.0000000000000000e-01   0.0000000000000000e+00   0.0000000000000000e+00 #xyz tv1
          -4.3750000000000000e-01   0.0000000000000000e+00   0.0000000000000000e+00 #xyz tv2
          -5.0000000000000000e-01   1.2000000000000002e-01   0.0000000000000000e+00 -1 60 #xyz tv3 fid bid
          -5.0000000000000000e-01   0.0000000000000000e+00   0.0000000000000000e+00 #xyz tv0
          -4.6193976999999997e-01  -1.2000000000000002e-01   1.9134171999999999e-01 #xyz tv1
          -4.3750000000000000e-01   0.0000000000000000e+00   0.0000000000000000e+00 #xyz tv2
          -5.0000000000000000e-01  -1.2000000000000002e-01   0.0000000000000000e+00 -1 60 #xyz tv3 fid bid
          -5.0000000000000000e-01   0.0000000000000000e+00   0.0000000000000000e+00 #xyz tv0
          -4.6193976999999997e-01   1.2000000000000002e-01  -1.9134171999999999e-01 #xyz tv1
          -4.3750000000000000e-01   0.0000000000000000e+00   0.0000000000000000e+00 #xyz tv2
          -5.0000000000000000e-01   1.2000000000000002e-01   0.0000000000000000e+00 -1 60 #xyz tv3 fid bid
          -4.6193976999999997e-01  -1.2000000000000002e-01  -1.9134171999999999e-01 #xyz tv0
          -5.0000000000000000e-01   0.0000000000000000e+00   0.0000000000000000e+00 #xyz tv1
          -4.3750000000000000e-01   0.0000000000000000e+00   0.0000000000000000e+00 #xyz tv2
          -5.0000000000000000e-01  -1.2000000000000002e-01   0.0000000000000000e+00 -1 60 #xyz tv3 fid bid
          -4.6193976999999997e-01  -1.2000000000000002e-01  -1.9134171999999999e-01 #xyz tv0
          -4.3750000000000000e-01   0.0000000000000000e+00   0.0000000000000000e+00 #xyz tv1
          -5.0000000000000000e-01   0.0000000000000000e+00   0.0000000000000000e+00 #xyz tv2
          -4.6193976999999997e-01   1.2000000000000002e-01  -1.9134171999999999e-01 -1 60 #xyz tv3 fid bid
          -5.0000000000000000e-01   0.0000000000000000e+00   0.0000000000000000e+00 #xyz tv0
          -4.3750000000000000e-01   0.0000000000000000e+00   0.0000000000000000e+00 #xyz tv1
          -5.0000000000000000e-01   1.2000000000000002e-01   0.0000000000000000e+00 58 -1 #xyz tv2 fid bid
          -5.0000000000000000e-01   0.0000000000000000e+00   0.0000000000000000e+00 #xyz tv0
          -5.0000000000000000e-01  -1.2000000000000002e-01   0.0000000000000000e+00 #xyz tv1
          -4.3750000000000000e-01   0.0000000000000000e+00   0.0000000000000000e+00 58 -1 #xyz tv2 fid bid
          -5.0000000000000000e-01   0.0000000000000000e+00   0.0000000000000000e+00 #xyz ev0
          -4.3750000000000000e-01   0.0000000000000000e+00   0.0000000000000000e+00 -1 60 #xyz ev1 fid bid
   0   0.000000000000e+00   0.000000000000e+00   0.000000000000e+00 #flag location
END_ERR 
G3dErrFileVersion 2018P3.1
FlagFileMetaData Begin
   Mesh Size - Setup1, Refinement, Pass #2, Freq. 3.000000e+09 :Title    
   Listing of mesh elements with small segments. :ToolTip  
   hf3d :Author   
   1698999393 :TimeStamp
FlagFileMetaData End
BEGIN_ERR 
26 Small mesh segment detected on body : Region
 Small mesh segment detected on body : Region 
 Segment Statistics - Number of Segments : 1 --- Segment length(s) : 0.098325mm. The cutoff frequency for S-Matrix Only Solve is 3.05910671428571MHz 
2 -1  58  # nfids, fids[]
2 60  -1  # nbids, bids[]
      6 2 1 0 #ntets ntri ned npts
          -4.6193976999999997e-01   1.2000000000000002e-01   1.9134171999999999e-01 #xyz tv0
          -4.0167548500881839e-01   0.0000000000000000e+00   0.0000000000000000e+00 #xyz tv1
          -5.0000000000000000e-01   0.0000000000000000e+00   0.0000000000000000e+00 #xyz tv2
          -4.6193976999999997e-01  -1.2000000000000002e-01   1.9134171999999999e-01 -1 60 #xyz tv3 fid bid
          -4.6193976999999997e-01   1.2000000000000002e-01   1.9134171999999999e-01 #xyz tv0
          -5.0000000000000000e-01   0.0000000000000000e+00   0.0000000000000000e+00 #xyz tv1
          -4.0167548500881839e-01   0.0000000000000000e+00   0.0000000000000000e+00 #xyz tv2
          -5.0000000000000000e-01   1.2000000000000002e-01   0.0000000000000000e+00 -1 60 #xyz tv3 fid bid
          -5.0000000000000000e-01   0.0000000000000000e+00   0.0000000000000000e+00 #xyz tv0
          -4.6193976999999997e-01  -1.2000000000000002e-01   1.9134171999999999e-01 #xyz tv1
          -4.0167548500881839e-01   0.0000000000000000e+00   0.0000000000000000e+00 #xyz tv2
          -5.0000000000000000e-01  -1.2000000000000002e-01   0.0000000000000000e+00 -1 60 #xyz tv3 fid bid
          -5.0000000000000000e-01   0.0000000000000000e+00   0.0000000000000000e+00 #xyz tv0
          -4.6193976999999997e-01   1.2000000000000002e-01  -1.9134171999999999e-01 #xyz tv1
          -4.0167548500881839e-01   0.0000000000000000e+00   0.0000000000000000e+00 #xyz tv2
          -5.0000000000000000e-01   1.2000000000000002e-01   0.0000000000000000e+00 -1 60 #xyz tv3 fid bid
          -4.6193976999999997e-01  -1.2000000000000002e-01  -1.9134171999999999e-01 #xyz tv0
          -5.0000000000000000e-01   0.0000000000000000e+00   0.0000000000000000e+00 #xyz tv1
          -4.0167548500881839e-01   0.0000000000000000e+00   0.0000000000000000e+00 #xyz tv2
          -5.0000000000000000e-01  -1.2000000000000002e-01   0.0000000000000000e+00 -1 60 #xyz tv3 fid bid
          -4.6193976999999997e-01  -1.2000000000000002e-01  -1.9134171999999999e-01 #xyz tv0
          -4.0167548500881839e-01   0.0000000000000000e+00   0.0000000000000000e+00 #xyz tv1
          -5.0000000000000000e-01   0.0000000000000000e+00   0.0000000000000000e+00 #xyz tv2
          -4.6193976999999997e-01   1.2000000000000002e-01  -1.9134171999999999e-01 -1 60 #xyz tv3 fid bid
          -5.0000000000000000e-01   0.0000000000000000e+00   0.0000000000000000e+00 #xyz tv0
          -4.0167548500881839e-01   0.0000000000000000e+00   0.0000000000000000e+00 #xyz tv1
          -5.0000000000000000e-01   1.2000000000000002e-01   0.0000000000000000e+00 58 -1 #xyz tv2 fid bid
          -5.0000000000000000e-01   0.0000000000000000e+00   0.0000000000000000e+00 #xyz tv0
          -5.0000000000000000e-01  -1.2000000000000002e-01   0.0000000000000000e+00 #xyz tv1
          -4.0167548500881839e-01   0.0000000000000000e+00   0.0000000000000000e+00 58 -1 #xyz tv2 fid bid
          -5.0000000000000000e-01   0.0000000000000000e+00   0.0000000000000000e+00 #xyz ev0
          -4.0167548500881839e-01   0.0000000000000000e+00   0.0000000000000000e+00 -1 60 #xyz ev1 fid bid
   0   0.000000000000e+00   0.000000000000e+00   0.000000000000e+00 #flag location
END_ERR 
G3dErrFileVersion 2018P3.1
FlagFileMetaData Begin
   Mesh Size - Setup1, Refinement, Pass #3, Freq. 3.000000e+09 :Title    
   Listing of mesh elements with small segments. :ToolTip  
   hf3d :Author   
   1698999396 :TimeStamp
FlagFileMetaData End
BEGIN_ERR 
26 Small mesh segment detected on body : Region
 Small mesh segment detected on body : Region 
 Segment Statistics - Number of Segments : 1 --- Segment length(s) : 0.103224mm. The cutoff frequency for S-Matrix Only Solve is 3.05910671428571MHz 
2 -1  58  # nfids, fids[]
2 60  -1  # nbids, bids[]
      6 2 1 0 #ntets ntri ned npts
          -4.6193976999999997e-01   1.2000000000000002e-01   1.9134171999999999e-01 #xyz tv0
          -5.0000000000000000e-01   0.0000000000000000e+00   0.0000000000000000e+00 #xyz tv1
          -3.9677640603566533e-01   0.0000000000000000e+00   0.0000000000000000e+00 #xyz tv2
          -5.0000000000000000e-01   1.2000000000000002e-01   0.0000000000000000e+00 -1 60 #xyz tv3 fid bid
          -4.6193976999999997e-01   1.2000000000000002e-01   1.9134171999999999e-01 #xyz tv0
          -3.9677640603566533e-01   0.0000000000000000e+00   0.0000000000000000e+00 #xyz tv1
          -5.0000000000000000e-01   0.0000000000000000e+00   0.0000000000000000e+00 #xyz tv2
          -4.6193976999999997e-01  -1.2000000000000002e-01   1.9134171999999999e-01 -1 60 #xyz tv3 fid bid
          -5.0000000000000000e-01   0.0000000000000000e+00   0.0000000000000000e+00 #xyz tv0
          -4.6193976999999997e-01   1.2000000000000002e-01  -1.9134171999999999e-01 #xyz tv1
          -3.9677640603566533e-01   0.0000000000000000e+00   0.0000000000000000e+00 #xyz tv2
          -5.0000000000000000e-01   1.2000000000000002e-01   0.0000000000000000e+00 -1 60 #xyz tv3 fid bid
          -4.6193976999999997e-01  -1.2000000000000002e-01  -1.9134171999999999e-01 #xyz tv0
          -5.0000000000000000e-01   0.0000000000000000e+00   0.0000000000000000e+00 #xyz tv1
          -3.9677640603566533e-01   0.0000000000000000e+00   0.0000000000000000e+00 #xyz tv2
          -5.0000000000000000e-01  -1.2000000000000002e-01   0.0000000000000000e+00 -1 60 #xyz tv3 fid bid
          -5.0000000000000000e-01   0.0000000000000000e+00   0.0000000000000000e+00 #xyz tv0
          -4.6193976999999997e-01  -1.2000000000000002e-01   1.9134171999999999e-01 #xyz tv1
          -3.9677640603566533e-01   0.0000000000000000e+00   0.0000000000000000e+00 #xyz tv2
          -5.0000000000000000e-01  -1.2000000000000002e-01   0.0000000000000000e+00 -1 60 #xyz tv3 fid bid
          -4.6193976999999997e-01  -1.2000000000000002e-01  -1.9134171999999999e-01 #xyz tv0
          -3.9677640603566533e-01   0.0000000000000000e+00   0.0000000000000000e+00 #xyz tv1
          -5.0000000000000000e-01   0.0000000000000000e+00   0.0000000000000000e+00 #xyz tv2
          -4.6193976999999997e-01   1.2000000000000002e-01  -1.9134171999999999e-01 -1 60 #xyz tv3 fid bid
          -5.0000000000000000e-01   0.0000000000000000e+00   0.0000000000000000e+00 #xyz tv0
