G3dErrFileVersion 2018P3.1
FlagFileMetaData Begin
   Mesh Size - Setup1, Refinement, Pass #1, Freq. 3.000000e+10 :Title    
   Listing of mesh elements with small segments. :ToolTip  
   hf3d :Author   
   1696769666 :TimeStamp
FlagFileMetaData End
BEGIN_ERR 
26 Small mesh segment detected on body : Rad_air
 Small mesh segment detected on body : Rad_air 
 Segment Statistics - Number of Segments : 1 --- Segment length(s) : 0.073473mm. The cutoff frequency for S-Matrix Only Solve is 4.40871261764706MHz 
3 -1  8  33  # nfids, fids[]
2 35  -1  # nbids, bids[]
      8 3 1 0 #ntets ntri ned npts
           0.0000000000000000e+00   7.3473344999999579e-02   1.2000000000000002e-01 #xyz tv0
          -4.6193977000000003e-01  -1.9134171999999999e-01   1.2000000000000002e-01 #xyz tv1
           0.0000000000000000e+00  -2.9490299091605721e-17  -1.2000000000000002e-01 #xyz tv2
           0.0000000000000000e+00   1.4694668999999927e-01   1.2000000000000002e-01 -1 35 #xyz tv3 fid bid
           0.0000000000000000e+00   7.3473344999999579e-02   1.2000000000000002e-01 #xyz tv0
           0.0000000000000000e+00  -2.9490299091605721e-17  -1.2000000000000002e-01 #xyz tv1
           2.3482990609375806e-01   9.3038946106157525e-03   1.5789232755962156e-03 #xyz tv2
           0.0000000000000000e+00   1.4694668999999927e-01   1.2000000000000002e-01 -1 35 #xyz tv3 fid bid
           0.0000000000000000e+00   7.3473344999999579e-02   1.2000000000000002e-01 #xyz tv0
          -3.5355339000000002e-01  -3.5355339000000002e-01   3.8649478019025479e-01 #xyz tv1
          -4.6193977000000003e-01  -1.9134171999999999e-01   1.2000000000000002e-01 #xyz tv2
           0.0000000000000000e+00   1.4694668999999927e-01   1.2000000000000002e-01 -1 35 #xyz tv3 fid bid
           0.0000000000000000e+00   7.3473344999999579e-02   1.2000000000000002e-01 #xyz tv0
           2.3482990609375806e-01   9.3038946106157525e-03   1.5789232755962156e-03 #xyz tv1
           4.6193977000000003e-01   1.9134171999999999e-01   1.2000000000000002e-01 #xyz tv2
           0.0000000000000000e+00   1.4694668999999927e-01   1.2000000000000002e-01 -1 35 #xyz tv3 fid bid
           0.0000000000000000e+00   7.3473344999999579e-02   1.2000000000000002e-01 #xyz tv0
          -1.9134171999999999e-01  -4.6193977000000003e-01   3.9572041593749896e-01 #xyz tv1
          -3.5355339000000002e-01  -3.5355339000000002e-01   3.8649478019025479e-01 #xyz tv2
           0.0000000000000000e+00   1.4694668999999927e-01   1.2000000000000002e-01 -1 35 #xyz tv3 fid bid
           0.0000000000000000e+00   7.3473344999999579e-02   1.2000000000000002e-01 #xyz tv0
           4.6193977000000003e-01   1.9134171999999999e-01   1.2000000000000002e-01 #xyz tv1
           1.9134171999999999e-01  -4.6193977000000003e-01   6.7987904313717828e-01 #xyz tv2
           0.0000000000000000e+00   1.4694668999999927e-01   1.2000000000000002e-01 -1 35 #xyz tv3 fid bid
           0.0000000000000000e+00   7.3473344999999579e-02   1.2000000000000002e-01 #xyz tv0
           0.0000000000000000e+00  -5.0000000000000000e-01   6.1846519794821364e-01 #xyz tv1
          -1.9134171999999999e-01  -4.6193977000000003e-01   3.9572041593749896e-01 #xyz tv2
           0.0000000000000000e+00   1.4694668999999927e-01   1.2000000000000002e-01 -1 35 #xyz tv3 fid bid
           0.0000000000000000e+00   7.3473344999999579e-02   1.2000000000000002e-01 #xyz tv0
           1.9134171999999999e-01  -4.6193977000000003e-01   6.7987904313717828e-01 #xyz tv1
           0.0000000000000000e+00  -5.0000000000000000e-01   6.1846519794821364e-01 #xyz tv2
           0.0000000000000000e+00   1.4694668999999927e-01   1.2000000000000002e-01 -1 35 #xyz tv3 fid bid
           0.0000000000000000e+00   7.3473344999999579e-02   1.2000000000000002e-01 #xyz tv0
           0.0000000000000000e+00   1.4694668999999927e-01   1.2000000000000002e-01 #xyz tv1
           4.6193977000000003e-01   1.9134171999999999e-01   1.2000000000000002e-01 8 -1 #xyz tv2 fid bid
           0.0000000000000000e+00  -2.9490299091605721e-17  -1.2000000000000002e-01 #xyz tv0
           0.0000000000000000e+00   7.3473344999999579e-02   1.2000000000000002e-01 #xyz tv1
           0.0000000000000000e+00   1.4694668999999927e-01   1.2000000000000002e-01 33 -1 #xyz tv2 fid bid
           0.0000000000000000e+00   7.3473344999999579e-02   1.2000000000000002e-01 #xyz tv0
          -4.6193977000000003e-01  -1.9134171999999999e-01   1.2000000000000002e-01 #xyz tv1
           0.0000000000000000e+00   1.4694668999999927e-01   1.2000000000000002e-01 8 -1 #xyz tv2 fid bid
           0.0000000000000000e+00   7.3473344999999579e-02   1.2000000000000002e-01 #xyz ev0
           0.0000000000000000e+00   1.4694668999999927e-01   1.2000000000000002e-01 -1 35 #xyz ev1 fid bid
   0   0.000000000000e+00   0.000000000000e+00   0.000000000000e+00 #flag location
END_ERR 
BEGIN_ERR 
26 Small mesh segment detected on body : Rad_air
 Small mesh segment detected on body : Rad_air 
 Segment Statistics - Number of Segments : 1 --- Segment length(s) : 0.073473mm. The cutoff frequency for S-Matrix Only Solve is 4.40871261764706MHz 
3 -1  8  33  # nfids, fids[]
2 35  -1  # nbids, bids[]
      8 3 1 0 #ntets ntri ned npts
           0.0000000000000000e+00   7.3473344999999579e-02   1.2000000000000002e-01 #xyz tv0
           0.0000000000000000e+00  -7.3473344999999760e-02   0.0000000000000000e+00 #xyz tv1
          -4.6193977000000003e-01  -1.9134171999999999e-01   1.2000000000000002e-01 #xyz tv2
           0.0000000000000000e+00  -1.1102230246251565e-16   1.2000000000000002e-01 -1 35 #xyz tv3 fid bid
           0.0000000000000000e+00   7.3473344999999579e-02   1.2000000000000002e-01 #xyz tv0
          -4.6193977000000003e-01  -1.9134171999999999e-01   1.2000000000000002e-01 #xyz tv1
          -3.5355339000000002e-01  -3.5355339000000002e-01   3.8649478019025479e-01 #xyz tv2
           0.0000000000000000e+00  -1.1102230246251565e-16   1.2000000000000002e-01 -1 35 #xyz tv3 fid bid
           2.3482990609375806e-01   9.3038946106157525e-03   1.5789232755962156e-03 #xyz tv0
           0.0000000000000000e+00  -7.3473344999999760e-02   0.0000000000000000e+00 #xyz tv1
           0.0000000000000000e+00   7.3473344999999579e-02   1.2000000000000002e-01 #xyz tv2
           0.0000000000000000e+00  -1.1102230246251565e-16   1.2000000000000002e-01 -1 35 #xyz tv3 fid bid
           0.0000000000000000e+00   7.3473344999999579e-02   1.2000000000000002e-01 #xyz tv0
          -3.5355339000000002e-01  -3.5355339000000002e-01   3.8649478019025479e-01 #xyz tv1
          -1.9134171999999999e-01  -4.6193977000000003e-01   3.9572041593749896e-01 #xyz tv2
           0.0000000000000000e+00  -1.1102230246251565e-16   1.2000000000000002e-01 -1 35 #xyz tv3 fid bid
           2.3482990609375806e-01   9.3038946106157525e-03   1.5789232755962156e-03 #xyz tv0
           0.0000000000000000e+00   7.3473344999999579e-02   1.2000000000000002e-01 #xyz tv1
           5.0000000000000000e-01   0.0000000000000000e+00   1.2000000000000002e-01 #xyz tv2
           0.0000000000000000e+00  -1.1102230246251565e-16   1.2000000000000002e-01 -1 35 #xyz tv3 fid bid
           0.0000000000000000e+00   7.3473344999999579e-02   1.2000000000000002e-01 #xyz tv0
          -1.9134171999999999e-01  -4.6193977000000003e-01   3.9572041593749896e-01 #xyz tv1
           0.0000000000000000e+00  -5.0000000000000000e-01   6.1846519794821364e-01 #xyz tv2
           0.0000000000000000e+00  -1.1102230246251565e-16   1.2000000000000002e-01 -1 35 #xyz tv3 fid bid
           5.0000000000000000e-01   0.0000000000000000e+00   1.2000000000000002e-01 #xyz tv0
           0.0000000000000000e+00   7.3473344999999579e-02   1.2000000000000002e-01 #xyz tv1
           1.9134171999999999e-01  -4.6193977000000003e-01   6.7987904313717828e-01 #xyz tv2
           0.0000000000000000e+00  -1.1102230246251565e-16   1.2000000000000002e-01 -1 35 #xyz tv3 fid bid
           0.0000000000000000e+00   7.3473344999999579e-02   1.2000000000000002e-01 #xyz tv0
           0.0000000000000000e+00  -5.0000000000000000e-01   6.1846519794821364e-01 #xyz tv1
           1.9134171999999999e-01  -4.6193977000000003e-01   6.7987904313717828e-01 #xyz tv2
           0.0000000000000000e+00  -1.1102230246251565e-16   1.2000000000000002e-01 -1 35 #xyz tv3 fid bid
           0.0000000000000000e+00   7.3473344999999579e-02   1.2000000000000002e-01 #xyz tv0
           5.0000000000000000e-01   0.0000000000000000e+00   1.2000000000000002e-01 #xyz tv1
           0.0000000000000000e+00  -1.1102230246251565e-16   1.2000000000000002e-01 8 -1 #xyz tv2 fid bid
           0.0000000000000000e+00   7.3473344999999579e-02   1.2000000000000002e-01 #xyz tv0
           0.0000000000000000e+00  -7.3473344999999760e-02   0.0000000000000000e+00 #xyz tv1
           0.0000000000000000e+00  -1.1102230246251565e-16   1.2000000000000002e-01 33 -1 #xyz tv2 fid bid
           0.0000000000000000e+00   7.3473344999999579e-02   1.2000000000000002e-01 #xyz tv0
           0.0000000000000000e+00  -1.1102230246251565e-16   1.2000000000000002e-01 #xyz tv1
          -4.6193977000000003e-01  -1.9134171999999999e-01   1.2000000000000002e-01 8 -1 #xyz tv2 fid bid
           0.0000000000000000e+00  -1.1102230246251565e-16   1.2000000000000002e-01 #xyz ev0
           0.0000000000000000e+00   7.3473344999999579e-02   1.2000000000000002e-01 -1 35 #xyz ev1 fid bid
   0   0.000000000000e+00   0.000000000000e+00   0.000000000000e+00 #flag location
END_ERR 
BEGIN_ERR 
26 Small mesh segment detected on body : Rad_air
 Small mesh segment detected on body : Rad_air 
 Segment Statistics - Number of Segments : 1 --- Segment length(s) : 0.088263mm. The cutoff frequency for S-Matrix Only Solve is 4.40871261764706MHz 
2 -1  33  # nfids, fids[]
2 35  -1  # nbids, bids[]
      6 2 1 0 #ntets ntri ned npts
           1.9134171999999999e-01  -4.6193977000000003e-01   1.2000000000000002e-01 #xyz tv0
           1.9134171999999999e-01  -4.6193977000000003e-01  -1.2000000000000002e-01 #xyz tv1
           0.0000000000000000e+00  -4.1173667250000001e-01   0.0000000000000000e+00 #xyz tv2
           0.0000000000000000e+00  -5.0000000000000000e-01   0.0000000000000000e+00 -1 35 #xyz tv3 fid bid
           0.0000000000000000e+00  -5.0000000000000000e-01  -1.2000000000000002e-01 #xyz tv0
           0.0000000000000000e+00  -4.1173667250000001e-01   0.0000000000000000e+00 #xyz tv1
           1.9134171999999999e-01  -4.6193977000000003e-01  -1.2000000000000002e-01 #xyz tv2
           0.0000000000000000e+00  -5.0000000000000000e-01   0.0000000000000000e+00 -1 35 #xyz tv3 fid bid
           1.9134171999999999e-01  -4.6193977000000003e-01   1.2000000000000002e-01 #xyz tv0
           0.0000000000000000e+00  -4.1173667250000001e-01   0.0000000000000000e+00 #xyz tv1
           0.0000000000000000e+00  -5.0000000000000000e-01   1.2000000000000002e-01 #xyz tv2
           0.0000000000000000e+00  -5.0000000000000000e-01   0.0000000000000000e+00 -1 35 #xyz tv3 fid bid
          -1.9134171999999999e-01  -4.6193977000000003e-01  -1.2000000000000002e-01 #xyz tv0
           0.0000000000000000e+00  -4.1173667250000001e-01   0.0000000000000000e+00 #xyz tv1
           0.0000000000000000e+00  -5.0000000000000000e-01  -1.2000000000000002e-01 #xyz tv2
           0.0000000000000000e+00  -5.0000000000000000e-01   0.0000000000000000e+00 -1 35 #xyz tv3 fid bid
           0.0000000000000000e+00  -5.0000000000000000e-01   1.2000000000000002e-01 #xyz tv0
           0.0000000000000000e+00  -4.1173667250000001e-01   0.0000000000000000e+00 #xyz tv1
          -1.9134171999999999e-01  -4.6193977000000003e-01   1.2000000000000002e-01 #xyz tv2
           0.0000000000000000e+00  -5.0000000000000000e-01   0.0000000000000000e+00 -1 35 #xyz tv3 fid bid
          -1.9134171999999999e-01  -4.6193977000000003e-01   1.2000000000000002e-01 #xyz tv0
           0.0000000000000000e+00  -5.0000000000000000e-01   0.0000000000000000e+00 #xyz tv1
           0.0000000000000000e+00  -4.1173667250000001e-01   0.0000000000000000e+00 #xyz tv2
          -1.9134171999999999e-01  -4.6193977000000003e-01  -1.2000000000000002e-01 -1 35 #xyz tv3 fid bid
           0.0000000000000000e+00  -4.1173667250000001e-01   0.0000000000000000e+00 #xyz tv0
           0.0000000000000000e+00  -5.0000000000000000e-01  -1.2000000000000002e-01 #xyz tv1
           0.0000000000000000e+00  -5.0000000000000000e-01   0.0000000000000000e+00 33 -1 #xyz tv2 fid bid
           0.0000000000000000e+00  -5.0000000000000000e-01   1.2000000000000002e-01 #xyz tv0
           0.0000000000000000e+00  -4.1173667250000001e-01   0.0000000000000000e+00 #xyz tv1
           0.0000000000000000e+00  -5.0000000000000000e-01   0.0000000000000000e+00 33 -1 #xyz tv2 fid bid
           0.0000000000000000e+00  -5.0000000000000000e-01   0.0000000000000000e+00 #xyz ev0
           0.0000000000000000e+00  -4.1173667250000001e-01   0.0000000000000000e+00 -1 35 #xyz ev1 fid bid
   0   0.000000000000e+00   0.000000000000e+00   0.000000000000e+00 #flag location
END_ERR 
BEGIN_ERR 
26 Small mesh segment detected on body : Rad_air
 Small mesh segment detected on body : Rad_air 
 Segment Statistics - Number of Segments : 1 --- Segment length(s) : 0.097545mm. The cutoff frequency for S-Matrix Only Solve is 4.40871261764706MHz 
3 -1  7  8  # nfids, fids[]
2 35  -1  # nbids, bids[]
      4 2 1 0 #ntets ntri ned npts
          -9.5670859999999996e-02   4.8096988500000010e-01   1.2000000000000002e-01 #xyz tv0
          -1.9134171999999999e-01   4.6193977000000003e-01  -1.2000000000000002e-01 #xyz tv1
           0.0000000000000000e+00   3.2347334499999969e-01   1.2000000000000002e-01 #xyz tv2
           0.0000000000000000e+00   5.0000000000000000e-01   1.2000000000000002e-01 -1 35 #xyz tv3 fid bid
          -9.5670859999999996e-02   4.8096988500000010e-01   1.2000000000000002e-01 #xyz tv0
           0.0000000000000000e+00   3.2347334499999969e-01   1.2000000000000002e-01 #xyz tv1
          -1.9134171999999999e-01   4.6193977000000003e-01   2.5786020953755995e-01 #xyz tv2
           0.0000000000000000e+00   5.0000000000000000e-01   1.2000000000000002e-01 -1 35 #xyz tv3 fid bid
          -9.5670859999999996e-02   4.8096988500000010e-01   1.2000000000000002e-01 #xyz tv0
          -6.1754745187500115e-01   7.9144083187499981e-01  -7.9144083187500114e-01 #xyz tv1
          -1.9134171999999999e-01   4.6193977000000003e-01  -1.2000000000000002e-01 #xyz tv2
           0.0000000000000000e+00   5.0000000000000000e-01   1.2000000000000002e-01 -1 35 #xyz tv3 fid bid
          -9.5670859999999996e-02   4.8096988500000010e-01   1.2000000000000002e-01 #xyz tv0
          -1.9134171999999999e-01   4.6193977000000003e-01   2.5786020953755995e-01 #xyz tv1
          -6.1754745187500115e-01   7.9144083187499981e-01  -7.9144083187500114e-01 #xyz tv2
           0.0000000000000000e+00   5.0000000000000000e-01   1.2000000000000002e-01 -1 35 #xyz tv3 fid bid
          -9.5670859999999996e-02   4.8096988500000010e-01   1.2000000000000002e-01 #xyz tv0
          -1.9134171999999999e-01   4.6193977000000003e-01   2.5786020953755995e-01 #xyz tv1
           0.0000000000000000e+00   5.0000000000000000e-01   1.2000000000000002e-01 7 -1 #xyz tv2 fid bid
          -9.5670859999999996e-02   4.8096988500000010e-01   1.2000000000000002e-01 #xyz tv0
           0.0000000000000000e+00   5.0000000000000000e-01   1.2000000000000002e-01 #xyz tv1
           0.0000000000000000e+00   3.2347334499999969e-01   1.2000000000000002e-01 8 -1 #xyz tv2 fid bid
           0.0000000000000000e+00   5.0000000000000000e-01   1.2000000000000002e-01 #xyz ev0
          -9.5670859999999996e-02   4.8096988500000010e-01   1.2000000000000002e-01 -1 35 #xyz ev1 fid bid
   0   0.000000000000e+00   0.000000000000e+00   0.000000000000e+00 #flag location
END_ERR 
G3dErrFileVersion 2018P3.1
FlagFileMetaData Begin
   Mesh Size - Setup1, Refinement, Pass #2, Freq. 3.000000e+10 :Title    
   Listing of mesh elements with small segments. :ToolTip  
   hf3d :Author   
   1696769676 :TimeStamp
FlagFileMetaData End
BEGIN_ERR 
26 Small mesh segment detected on body : Rad_air
 Small mesh segment detected on body : Rad_air 
 Segment Statistics - Number of Segments : 1 --- Segment length(s) : 0.073592mm. The cutoff frequency for S-Matrix Only Solve is 4.40871261764706MHz 
1 -1  # nfids, fids[]
1 35  # nbids, bids[]
      6 0 1 0 #ntets ntri ned npts
           3.5355339000000002e-01  -3.5355339000000002e-01   1.2000000000000002e-01 #xyz tv0
           3.4278147636564094e-01  -1.1847382674653410e-01  -1.7516555801289350e-02 #xyz tv1
           3.2750478698133090e-01  -1.2441606167323960e-01   5.4226425625270767e-02 #xyz tv2
           2.3096988500000001e-01  -2.2067086000000000e-01   0.0000000000000000e+00 -1 35 #xyz tv3 fid bid
           3.5355339000000002e-01  -3.5355339000000002e-01   1.2000000000000002e-01 #xyz tv0
           3.2750478698133090e-01  -1.2441606167323960e-01   5.4226425625270767e-02 #xyz tv1
           3.4278147636564094e-01  -1.1847382674653410e-01  -1.7516555801289350e-02 #xyz tv2
           4.6193977000000003e-01  -1.9134171999999999e-01   1.2000000000000002e-01 -1 35 #xyz tv3 fid bid
           2.3096988500000001e-01  -2.2067086000000000e-01   0.0000000000000000e+00 #xyz tv0
           3.4278147636564094e-01  -1.1847382674653410e-01  -1.7516555801289350e-02 #xyz tv1
           3.2750478698133090e-01  -1.2441606167323960e-01   5.4226425625270767e-02 #xyz tv2
           2.0582774254229957e-01  -1.1692933982572778e-01  -4.0647625843075477e-02 -1 35 #xyz tv3 fid bid
           3.2750478698133090e-01  -1.2441606167323960e-01   5.4226425625270767e-02 #xyz tv0
           5.0000000000000000e-01   0.0000000000000000e+00   1.2000000000000002e-01 #xyz tv1
           3.4278147636564094e-01  -1.1847382674653410e-01  -1.7516555801289350e-02 #xyz tv2
           4.6193977000000003e-01  -1.9134171999999999e-01   1.2000000000000002e-01 -1 35 #xyz tv3 fid bid
           3.2750478698133090e-01  -1.2441606167323960e-01   5.4226425625270767e-02 #xyz tv0
           2.0582774254229957e-01  -1.1692933982572778e-01  -4.0647625843075477e-02 #xyz tv1
           3.4278147636564094e-01  -1.1847382674653410e-01  -1.7516555801289350e-02 #xyz tv2
           2.3482990609375806e-01   9.3038946106157525e-03   1.5789232755962159e-03 -1 35 #xyz tv3 fid bid
           3.2750478698133090e-01  -1.2441606167323960e-01   5.4226425625270767e-02 #xyz tv0
           3.4278147636564094e-01  -1.1847382674653410e-01  -1.7516555801289350e-02 #xyz tv1
           5.0000000000000000e-01   0.0000000000000000e+00   1.2000000000000002e-01 #xyz tv2
           2.3482990609375806e-01   9.3038946106157525e-03   1.5789232755962159e-03 -1 35 #xyz tv3 fid bid
           3.4278147636564094e-01  -1.1847382674653410e-01  -1.7516555801289350e-02 #xyz ev0
           3.2750478698133090e-01  -1.2441606167323960e-01   5.4226425625270767e-02 -1 35 #xyz ev1 fid bid
   0   0.000000000000e+00   0.000000000000e+00   0.000000000000e+00 #flag location
END_ERR 
BEGIN_ERR 
26 Small mesh segment detected on body : Rad_air
 Small mesh segment detected on body : Rad_air 
 Segment Statistics - Number of Segments : 1 --- Segment length(s) : 0.086199mm. The cutoff frequency for S-Matrix Only Solve is 4.40871261764706MHz 
2 -1  33  # nfids, fids[]
2 35  -1  # nbids, bids[]
      6 2 1 0 #ntets ntri ned npts
           1.9134171999999999e-01  -4.6193977000000003e-01   1.2000000000000002e-01 #xyz tv0
           1.9134171999999999e-01  -4.6193977000000003e-01  -1.2000000000000002e-01 #xyz tv1
           0.0000000000000000e+00  -4.1380061113281247e-01   0.0000000000000000e+00 #xyz tv2
           0.0000000000000000e+00  -5.0000000000000000e-01   0.0000000000000000e+00 -1 35 #xyz tv3 fid bid
           0.0000000000000000e+00  -5.0000000000000000e-01  -1.2000000000000002e-01 #xyz tv0
           0.0000000000000000e+00  -4.1380061113281247e-01   0.0000000000000000e+00 #xyz tv1
           1.9134171999999999e-01  -4.6193977000000003e-01  -1.2000000000000002e-01 #xyz tv2
           0.0000000000000000e+00  -5.0000000000000000e-01   0.0000000000000000e+00 -1 35 #xyz tv3 fid bid
           1.9134171999999999e-01  -4.6193977000000003e-01   1.2000000000000002e-01 #xyz tv0
           0.0000000000000000e+00  -4.1380061113281247e-01   0.0000000000000000e+00 #xyz tv1
           0.0000000000000000e+00  -5.0000000000000000e-01   1.2000000000000002e-01 #xyz tv2
           0.0000000000000000e+00  -5.0000000000000000e-01   0.0000000000000000e+00 -1 35 #xyz tv3 fid bid
          -1.9134171999999999e-01  -4.6193977000000003e-01  -1.2000000000000002e-01 #xyz tv0
           0.0000000000000000e+00  -4.1380061113281247e-01   0.0000000000000000e+00 #xyz tv1
           0.0000000000000000e+00  -5.0000000000000000e-01  -1.2000000000000002e-01 #xyz tv2
           0.0000000000000000e+00  -5.0000000000000000e-01   0.0000000000000000e+00 -1 35 #xyz tv3 fid bid
           0.0000000000000000e+00  -5.0000000000000000e-01   1.2000000000000002e-01 #xyz tv0
           0.0000000000000000e+00  -4.1380061113281247e-01   0.0000000000000000e+00 #xyz tv1
          -1.9134171999999999e-01  -4.6193977000000003e-01   1.2000000000000002e-01 #xyz tv2
           0.0000000000000000e+00  -5.0000000000000000e-01   0.0000000000000000e+00 -1 35 #xyz tv3 fid bid
          -1.9134171999999999e-01  -4.6193977000000003e-01   1.2000000000000002e-01 #xyz tv0
           0.0000000000000000e+00  -5.0000000000000000e-01   0.0000000000000000e+00 #xyz tv1
           0.0000000000000000e+00  -4.1380061113281247e-01   0.0000000000000000e+00 #xyz tv2
          -1.9134171999999999e-01  -4.6193977000000003e-01  -1.2000000000000002e-01 -1 35 #xyz tv3 fid bid
           0.0000000000000000e+00  -5.0000000000000000e-01  -1.2000000000000002e-01 #xyz tv0
           0.0000000000000000e+00  -4.1380061113281247e-01   0.0000000000000000e+00 #xyz tv1
           0.0000000000000000e+00  -5.0000000000000000e-01   0.0000000000000000e+00 33 -1 #xyz tv2 fid bid
           0.0000000000000000e+00  -4.1380061113281247e-01   0.0000000000000000e+00 #xyz tv0
           0.0000000000000000e+00  -5.0000000000000000e-01   1.2000000000000002e-01 #xyz tv1
           0.0000000000000000e+00  -5.0000000000000000e-01   0.0000000000000000e+00 33 -1 #xyz tv2 fid bid
           0.0000000000000000e+00  -4.1380061113281247e-01   0.0000000000000000e+00 #xyz ev0
           0.0000000000000000e+00  -5.0000000000000000e-01   0.0000000000000000e+00 -1 35 #xyz ev1 fid bid
   0   0.000000000000e+00   0.000000000000e+00   0.000000000000e+00 #flag location
END_ERR 
BEGIN_ERR 
26 Small mesh segment detected on body : Rad_air
 Small mesh segment detected on body : Rad_air 
 Segment Statistics - Number of Segments : 1 --- Segment length(s) : 0.097545mm. The cutoff frequency for S-Matrix Only Solve is 4.40871261764706MHz 
1 -1  # nfids, fids[]
1 35  # nbids, bids[]
      4 0 1 0 #ntets ntri ned npts
          -9.5670859999999996e-02   3.9270655749999983e-01   0.0000000000000000e+00 #xyz tv0
          -1.7677669500000001e-01   3.3851336749999988e-01   0.0000000000000000e+00 #xyz tv1
           0.0000000000000000e+00   2.0312499999999994e-01  -1.2000000000000002e-01 #xyz tv2
          -1.9134171999999999e-01   4.6193977000000003e-01  -1.2000000000000002e-01 -1 35 #xyz tv3 fid bid
          -9.5670859999999996e-02   3.9270655749999983e-01   0.0000000000000000e+00 #xyz tv0
           0.0000000000000000e+00   2.0312499999999994e-01  -1.2000000000000002e-01 #xyz tv1
          -1.7677669500000001e-01   3.3851336749999988e-01   0.0000000000000000e+00 #xyz tv2
           0.0000000000000000e+00   3.2347334499999969e-01   1.2000000000000002e-01 -1 35 #xyz tv3 fid bid
          -9.5670859999999996e-02   3.9270655749999983e-01   0.0000000000000000e+00 #xyz tv0
          -1.9134171999999999e-01   4.6193977000000003e-01   1.2000000000000002e-01 #xyz tv1
          -1.7677669500000001e-01   3.3851336749999988e-01   0.0000000000000000e+00 #xyz tv2
          -1.9134171999999999e-01   4.6193977000000003e-01  -1.2000000000000002e-01 -1 35 #xyz tv3 fid bid
          -9.5670859999999996e-02   3.9270655749999983e-01   0.0000000000000000e+00 #xyz tv0
          -1.7677669500000001e-01   3.3851336749999988e-01   0.0000000000000000e+00 #xyz tv1
          -1.9134171999999999e-01   4.6193977000000003e-01   1.2000000000000002e-01 #xyz tv2
           0.0000000000000000e+00   3.2347334499999969e-01   1.2000000000000002e-01 -1 35 #xyz tv3 fid bid
          -9.5670859999999996e-02   3.9270655749999983e-01   0.0000000000000000e+00 #xyz ev0
          -1.7677669500000001e-01   3.3851336749999988e-01   0.0000000000000000e+00 -1 35 #xyz ev1 fid bid
   0   0.000000000000e+00   0.000000000000e+00   0.000000000000e+00 #flag location
END_ERR 
BEGIN_ERR 
26 Small mesh segment detected on body : dipole
 Small mesh segment detected on body : dipole 
 Segment Statistics - Number of Segments : 1 --- Segment length(s) : 0.097545mm. The cutoff frequency for S-Matrix Only Solve is 4.40871261764706MHz 
3 -1  7  8  # nfids, fids[]
2 6  -1  # nbids, bids[]
      6 2 1 0 #ntets ntri ned npts
          -9.5670859999999996e-02   4.8096988500000015e-01   1.2000000000000002e-01 #xyz tv0
           0.0000000000000000e+00   3.2347334499999969e-01   1.2000000000000002e-01 #xyz tv1
          -1.9134171999999999e-01   4.6193977000000003e-01   2.5786020953755995e-01 #xyz tv2
           0.0000000000000000e+00   5.0000000000000000e-01   1.2000000000000002e-01 -1 6 #xyz tv3 fid bid
          -5.2567450386182091e-01   1.0807830699443555e+00   4.6780573930627967e-01 #xyz tv0
           0.0000000000000000e+00   5.0000000000000000e-01   1.2000000000000002e-01 #xyz tv1
          -2.3034228219889286e-01   6.0814671147048593e-01  -4.3307673967340435e-02 #xyz tv2
          -9.5670859999999996e-02   4.8096988500000015e-01   1.2000000000000002e-01 -1 6 #xyz tv3 fid bid
           0.0000000000000000e+00   5.0000000000000000e-01   1.2000000000000002e-01 #xyz tv0
          -5.2567450386182091e-01   1.0807830699443555e+00   4.6780573930627967e-01 #xyz tv1
          -1.9134171999999999e-01   4.6193977000000003e-01   2.5786020953755995e-01 #xyz tv2
          -9.5670859999999996e-02   4.8096988500000015e-01   1.2000000000000002e-01 -1 6 #xyz tv3 fid bid
          -9.5670859999999996e-02   3.9270655749999983e-01   0.0000000000000000e+00 #xyz tv0
          -9.5670859999999996e-02   4.8096988500000015e-01   1.2000000000000002e-01 #xyz tv1
           0.0000000000000000e+00   5.0000000000000000e-01   1.2000000000000002e-01 #xyz tv2
           0.0000000000000000e+00   3.2347334499999969e-01   1.2000000000000002e-01 -1 6 #xyz tv3 fid bid
          -2.3034228219889286e-01   6.0814671147048593e-01  -4.3307673967340435e-02 #xyz tv0
           0.0000000000000000e+00   5.0000000000000000e-01   1.2000000000000002e-01 #xyz tv1
          -1.9134171999999999e-01   4.6193977000000003e-01  -1.2000000000000002e-01 #xyz tv2
          -9.5670859999999996e-02   4.8096988500000015e-01   1.2000000000000002e-01 -1 6 #xyz tv3 fid bid
          -9.5670859999999996e-02   3.9270655749999983e-01   0.0000000000000000e+00 #xyz tv0
           0.0000000000000000e+00   5.0000000000000000e-01   1.2000000000000002e-01 #xyz tv1
          -9.5670859999999996e-02   4.8096988500000015e-01   1.2000000000000002e-01 #xyz tv2
          -1.9134171999999999e-01   4.6193977000000003e-01  -1.2000000000000002e-01 -1 6 #xyz tv3 fid bid
          -9.5670859999999996e-02   4.8096988500000015e-01   1.2000000000000002e-01 #xyz tv0
          -1.9134171999999999e-01   4.6193977000000003e-01   2.5786020953755995e-01 #xyz tv1
           0.0000000000000000e+00   5.0000000000000000e-01   1.2000000000000002e-01 7 -1 #xyz tv2 fid bid
          -9.5670859999999996e-02   4.8096988500000015e-01   1.2000000000000002e-01 #xyz tv0
           0.0000000000000000e+00   5.0000000000000000e-01   1.2000000000000002e-01 #xyz tv1
           0.0000000000000000e+00   3.2347334499999969e-01   1.2000000000000002e-01 8 -1 #xyz tv2 fid bid
           0.0000000000000000e+00   5.0000000000000000e-01   1.2000000000000002e-01 #xyz ev0
          -9.5670859999999996e-02   4.8096988500000015e-01   1.2000000000000002e-01 -1 6 #xyz ev1 fid bid
   0   0.000000000000e+00   0.000000000000e+00   0.000000000000e+00 #flag location
END_ERR 
G3dErrFileVersion 2018P3.1
FlagFileMetaData Begin
   Mesh Size - Setup1, Refinement, Pass #3, Freq. 3.000000e+10 :Title    
   Listing of mesh elements with small segments. :ToolTip  
   hf3d :Author   
   1696769688 :TimeStamp
FlagFileMetaData End
BEGIN_ERR 
26 Small mesh segment detected on body : Rad_air
 Small mesh segment detected on body : Rad_air 
 Segment Statistics - Number of Segments : 1 --- Segment length(s) : 0.064735mm. The cutoff frequency for S-Matrix Only Solve is 4.40871261764706MHz 
1 -1  # nfids, fids[]
1 35  # nbids, bids[]
      7 0 1 0 #ntets ntri ned npts
           4.6193977000000003e-01  -1.9134171999999999e-01   1.2000000000000002e-01 #xyz tv0
           3.5707520483471294e-01  -2.1740430992101789e-01   2.4413144389380713e-02 #xyz tv1
           3.6323688419342537e-01  -9.6840654660492784e-02  -7.3530953443395938e-03 #xyz tv2
           3.2945201643490662e-01  -1.0059975688957704e-01   4.7738044704742258e-02 -1 35 #xyz tv3 fid bid
           3.5707520483471294e-01  -2.1740430992101789e-01   2.4413144389380713e-02 #xyz tv0
           3.2945201643490662e-01  -1.0059975688957704e-01   4.7738044704742258e-02 #xyz tv1
           2.4180326547537573e-01  -2.0965912887311941e-01  -6.9041898363574332e-04 #xyz tv2
           3.6323688419342537e-01  -9.6840654660492784e-02  -7.3530953443395938e-03 -1 35 #xyz tv3 fid bid
           5.0000000000000000e-01   0.0000000000000000e+00   1.2000000000000002e-01 #xyz tv0
           4.6193977000000003e-01  -1.9134171999999999e-01   1.2000000000000002e-01 #xyz tv1
           3.6323688419342537e-01  -9.6840654660492784e-02  -7.3530953443395938e-03 #xyz tv2
           3.2945201643490662e-01  -1.0059975688957704e-01   4.7738044704742258e-02 -1 35 #xyz tv3 fid bid
           2.4180326547537573e-01  -2.0965912887311941e-01  -6.9041898363574332e-04 #xyz tv0
           3.6323688419342537e-01  -9.6840654660492784e-02  -7.3530953443395938e-03 #xyz tv1
           3.2945201643490662e-01  -1.0059975688957704e-01   4.7738044704742258e-02 #xyz tv2
           2.0675959155699306e-01  -9.2758287907190567e-02  -2.4415216441096899e-02 -1 35 #xyz tv3 fid bid
           3.6323688419342537e-01  -9.6840654660492784e-02  -7.3530953443395938e-03 #xyz tv0
           3.2945201643490662e-01  -1.0059975688957704e-01   4.7738044704742258e-02 #xyz tv1
           3.7192477913976424e-01   6.5597179022631832e-02   3.7744992723467027e-02 #xyz tv2
           5.0000000000000000e-01   0.0000000000000000e+00   1.2000000000000002e-01 -1 35 #xyz tv3 fid bid
           3.2945201643490662e-01  -1.0059975688957704e-01   4.7738044704742258e-02 #xyz tv0
           2.0675959155699306e-01  -9.2758287907190567e-02  -2.4415216441096899e-02 #xyz tv1
           3.6323688419342537e-01  -9.6840654660492784e-02  -7.3530953443395938e-03 #xyz tv2
           2.4189988714926169e-01   1.0885170058014084e-02  -5.5474656753566436e-03 -1 35 #xyz tv3 fid bid
           3.6323688419342537e-01  -9.6840654660492784e-02  -7.3530953443395938e-03 #xyz tv0
           3.7192477913976424e-01   6.5597179022631832e-02   3.7744992723467027e-02 #xyz tv1
           3.2945201643490662e-01  -1.0059975688957704e-01   4.7738044704742258e-02 #xyz tv2
           2.4189988714926169e-01   1.0885170058014084e-02  -5.5474656753566436e-03 -1 35 #xyz tv3 fid bid
           3.6323688419342537e-01  -9.6840654660492784e-02  -7.3530953443395938e-03 #xyz ev0
           3.2945201643490662e-01  -1.0059975688957704e-01   4.7738044704742258e-02 -1 35 #xyz ev1 fid bid
   0   0.000000000000e+00   0.000000000000e+00   0.000000000000e+00 #flag location
END_ERR 
BEGIN_ERR 
26 Small mesh segment detected on body : Rad_air
 Small mesh segment detected on body : Rad_air 
 Segment Statistics - Number of Segments : 1 --- Segment length(s) : 0.074502mm. The cutoff frequency for S-Matrix Only Solve is 4.40871261764706MHz 
1 -1  # nfids, fids[]
1 35  # nbids, bids[]
      5 0 1 0 #ntets ntri ned npts
           0.0000000000000000e+00  -7.8809690759616371e-02   1.3333333333333336e-02 #xyz tv0
           0.0000000000000000e+00  -2.5439453125000000e-01  -1.2000000000000002e-01 #xyz tv1
          -1.3226664060716509e-01  -1.6529516062365873e-01  -1.2000000000000002e-01 #xyz tv2
          -1.3503380187856623e-01  -1.8233238484484532e-01  -4.7525180890730129e-02 -1 35 #xyz tv3 fid bid
           0.0000000000000000e+00  -7.8809690759616371e-02   1.3333333333333336e-02 #xyz tv0
          -1.3226664060716509e-01  -1.6529516062365873e-01  -1.2000000000000002e-01 #xyz tv1
          -2.4277102000000000e-01  -6.5733698333333340e-02  -1.2000000000000002e-01 #xyz tv2
          -1.3503380187856623e-01  -1.8233238484484532e-01  -4.7525180890730129e-02 -1 35 #xyz tv3 fid bid
          -1.3226664060716509e-01  -1.6529516062365873e-01  -1.2000000000000002e-01 #xyz tv0
          -1.6776670396179699e-01  -3.1367834322628035e-01  -1.2000000000000002e-01 #xyz tv1
          -1.3503380187856623e-01  -1.8233238484484532e-01  -4.7525180890730129e-02 #xyz tv2
           0.0000000000000000e+00  -2.5439453125000000e-01  -1.2000000000000002e-01 -1 35 #xyz tv3 fid bid
          -1.3503380187856623e-01  -1.8233238484484532e-01  -4.7525180890730129e-02 #xyz tv0
          -2.8931547718271605e-01  -2.1181735568106999e-01  -1.2000000000000002e-01 #xyz tv1
          -1.3226664060716509e-01  -1.6529516062365873e-01  -1.2000000000000002e-01 #xyz tv2
          -2.4277102000000000e-01  -6.5733698333333340e-02  -1.2000000000000002e-01 -1 35 #xyz tv3 fid bid
          -1.3503380187856623e-01  -1.8233238484484532e-01  -4.7525180890730129e-02 #xyz tv0
          -1.3226664060716509e-01  -1.6529516062365873e-01  -1.2000000000000002e-01 #xyz tv1
          -2.8931547718271605e-01  -2.1181735568106999e-01  -1.2000000000000002e-01 #xyz tv2
          -1.6776670396179699e-01  -3.1367834322628035e-01  -1.2000000000000002e-01 -1 35 #xyz tv3 fid bid
          -1.3503380187856623e-01  -1.8233238484484532e-01  -4.7525180890730129e-02 #xyz ev0
          -1.3226664060716509e-01  -1.6529516062365873e-01  -1.2000000000000002e-01 -1 35 #xyz ev1 fid bid
   0   0.000000000000e+00   0.000000000000e+00   0.000000000000e+00 #flag location
END_ERR 
BEGIN_ERR 
26 Small mesh segment detected on body : Rad_air
 Small mesh segment detected on body : Rad_air 
 Segment Statistics - Number of Segments : 1 --- Segment length(s) : 0.079286mm. The cutoff frequency for S-Matrix Only Solve is 4.40871261764706MHz 
1 -1  # nfids, fids[]
1 35  # nbids, bids[]
      6 0 1 0 #ntets ntri ned npts
           0.0000000000000000e+00  -1.7935066515380854e-01   1.2000000000000002e-01 #xyz tv0
           1.0739466100466544e-01  -1.6372675767761760e-01  -4.0086546944495316e-02 #xyz tv1
           1.4711510172795711e-01  -3.0055430353895651e-01  -9.2104701805952593e-03 #xyz tv2
           1.0784911017268550e-01  -1.2237502758331723e-01   2.7560463684602243e-02 -1 35 #xyz tv3 fid bid
           1.4711510172795711e-01  -3.0055430353895651e-01  -9.2104701805952593e-03 #xyz tv0
           1.0784911017268550e-01  -1.2237502758331723e-01   2.7560463684602243e-02 #xyz tv1
           1.0739466100466544e-01  -1.6372675767761760e-01  -4.0086546944495316e-02 #xyz tv2
           2.4180326547537573e-01  -2.0965912887311941e-01  -6.9041898363574332e-04 -1 35 #xyz tv3 fid bid
           0.0000000000000000e+00  -1.7935066515380854e-01   1.2000000000000002e-01 #xyz tv0
           0.0000000000000000e+00  -7.8809690759616371e-02   1.3333333333333336e-02 #xyz tv1
           1.0739466100466544e-01  -1.6372675767761760e-01  -4.0086546944495316e-02 #xyz tv2
           1.0784911017268550e-01  -1.2237502758331723e-01   2.7560463684602243e-02 -1 35 #xyz tv3 fid bid
           1.0739466100466544e-01  -1.6372675767761760e-01  -4.0086546944495316e-02 #xyz tv0
           2.4180326547537573e-01  -2.0965912887311941e-01  -6.9041898363574332e-04 #xyz tv1
           1.0784911017268550e-01  -1.2237502758331723e-01   2.7560463684602243e-02 #xyz tv2
           2.0675959155699306e-01  -9.2758287907190567e-02  -2.4415216441096899e-02 -1 35 #xyz tv3 fid bid
           0.0000000000000000e+00  -7.8809690759616371e-02   1.3333333333333336e-02 #xyz tv0
           0.0000000000000000e+00  -1.7578125000000028e-02  -1.2000000000000002e-01 #xyz tv1
           1.0739466100466544e-01  -1.6372675767761760e-01  -4.0086546944495316e-02 #xyz tv2
           1.0784911017268550e-01  -1.2237502758331723e-01   2.7560463684602243e-02 -1 35 #xyz tv3 fid bid
           1.0739466100466544e-01  -1.6372675767761760e-01  -4.0086546944495316e-02 #xyz tv0
           1.0784911017268550e-01  -1.2237502758331723e-01   2.7560463684602243e-02 #xyz tv1
           0.0000000000000000e+00  -1.7578125000000028e-02  -1.2000000000000002e-01 #xyz tv2
           2.0675959155699306e-01  -9.2758287907190567e-02  -2.4415216441096899e-02 -1 35 #xyz tv3 fid bid
           1.0784911017268550e-01  -1.2237502758331723e-01   2.7560463684602243e-02 #xyz ev0
           1.0739466100466544e-01  -1.6372675767761760e-01  -4.0086546944495316e-02 -1 35 #xyz ev1 fid bid
   0   0.000000000000e+00   0.000000000000e+00   0.000000000000e+00 #flag location
END_ERR 
BEGIN_ERR 
26 Small mesh segment detected on body : Rad_air
 Small mesh segment detected on body : Rad_air 
 Segment Statistics - Number of Segments : 1 --- Segment length(s) : 0.080757mm. The cutoff frequency for S-Matrix Only Solve is 4.40871261764706MHz 
1 -1  # nfids, fids[]
1 35  # nbids, bids[]
      6 0 1 0 #ntets ntri ned npts
           0.0000000000000000e+00   5.0000000000000000e-01  -1.2000000000000002e-01 #xyz tv0
          -9.5670859999999996e-02   3.9270655749999983e-01   0.0000000000000000e+00 #xyz tv1
          -1.3175898190469876e-01   4.6434871997008342e-01   9.3171318734700300e-03 #xyz tv2
           0.0000000000000000e+00   4.1948155633333328e-01  -8.0000000000000019e-03 -1 35 #xyz tv3 fid bid
           0.0000000000000000e+00   5.0000000000000000e-01  -1.2000000000000002e-01 #xyz tv0
          -1.3175898190469876e-01   4.6434871997008342e-01   9.3171318734700300e-03 #xyz tv1
          -9.5670859999999996e-02   3.9270655749999983e-01   0.0000000000000000e+00 #xyz tv2
          -1.9134171999999999e-01   4.6193977000000003e-01  -1.2000000000000002e-01 -1 35 #xyz tv3 fid bid
           0.0000000000000000e+00   4.1948155633333328e-01  -8.0000000000000019e-03 #xyz tv0
          -9.5670859999999996e-02   3.9270655749999983e-01   0.0000000000000000e+00 #xyz tv1
          -1.3175898190469876e-01   4.6434871997008342e-01   9.3171318734700300e-03 #xyz tv2
           0.0000000000000000e+00   5.0000000000000000e-01   1.2000000000000002e-01 -1 35 #xyz tv3 fid bid
          -2.0171732648041479e-01   3.4681086909233139e-01   1.1118242380588419e-02 #xyz tv0
          -1.3175898190469876e-01   4.6434871997008342e-01   9.3171318734700300e-03 #xyz tv1
          -1.9134171999999999e-01   4.6193977000000003e-01  -1.2000000000000002e-01 #xyz tv2
          -9.5670859999999996e-02   3.9270655749999983e-01   0.0000000000000000e+00 -1 35 #xyz tv3 fid bid
          -1.3175898190469876e-01   4.6434871997008342e-01   9.3171318734700300e-03 #xyz tv0
           0.0000000000000000e+00   5.0000000000000000e-01   1.2000000000000002e-01 #xyz tv1
          -9.5670859999999996e-02   3.9270655749999983e-01   0.0000000000000000e+00 #xyz tv2
          -9.5670859999999996e-02   4.8096988500000021e-01   1.2000000000000002e-01 -1 35 #xyz tv3 fid bid
          -2.0171732648041479e-01   3.4681086909233139e-01   1.1118242380588419e-02 #xyz tv0
          -9.5670859999999996e-02   4.8096988500000021e-01   1.2000000000000002e-01 #xyz tv1
          -1.3175898190469876e-01   4.6434871997008342e-01   9.3171318734700300e-03 #xyz tv2
          -9.5670859999999996e-02   3.9270655749999983e-01   0.0000000000000000e+00 -1 35 #xyz tv3 fid bid
