G3dErrFileVersion 2018P3.1
FlagFileMetaData Begin
   Mesh Size - Setup1, Refinement, Pass #1, Freq. 1.000000e+10 :Title    
   Listing of mesh elements with small segments. :ToolTip  
   hf3d :Author   
   1698486263 :TimeStamp
FlagFileMetaData End
BEGIN_ERR 
26 Small mesh segment detected on body : Region
 Small mesh segment detected on body : Region 
 Segment Statistics - Number of Segments : 1 --- Segment length(s) : 0.019945cm. The cutoff frequency for S-Matrix Only Solve is 6.42022610557876MHz 
3 -1  12  160  # nfids, fids[]
2 122  -1  # nbids, bids[]
      4 4 1 0 #ntets ntri ned npts
           1.4007022258371005e+00  -9.0395506384151170e-02   9.4352777692159301e-02 #xyz tv0
           1.0637500000000000e+00   2.4149999999999998e-02   3.1750000000000000e-02 #xyz tv1
           1.0637500000000000e+00   0.0000000000000000e+00   6.3500000000000001e-02 #xyz tv2
           1.0637500000000000e+00  -1.2074999999999999e-02   4.7625000000000001e-02 -1 122 #xyz tv3 fid bid
           1.0637500000000000e+00   2.4149999999999998e-02   3.1750000000000000e-02 #xyz tv0
           8.3440605510535992e-01   1.6371071554093786e-01   1.3579896553979350e-17 #xyz tv1
           1.0637500000000000e+00   0.0000000000000000e+00   6.3500000000000001e-02 #xyz tv2
           1.0637500000000000e+00  -1.2074999999999999e-02   4.7625000000000001e-02 -1 122 #xyz tv3 fid bid
           1.0637500000000000e+00  -4.8299999999999996e-02   6.3500000000000001e-02 #xyz tv0
           1.4007022258371005e+00  -9.0395506384151170e-02   9.4352777692159301e-02 #xyz tv1
           1.0637500000000000e+00   0.0000000000000000e+00   6.3500000000000001e-02 #xyz tv2
           1.0637500000000000e+00  -1.2074999999999999e-02   4.7625000000000001e-02 -1 122 #xyz tv3 fid bid
           8.3440605510535992e-01   1.6371071554093786e-01   1.3579896553979350e-17 #xyz tv0
           1.0637500000000000e+00  -4.8299999999999996e-02   6.3500000000000001e-02 #xyz tv1
           1.0637500000000000e+00   0.0000000000000000e+00   6.3500000000000001e-02 #xyz tv2
           1.0637500000000000e+00  -1.2074999999999999e-02   4.7625000000000001e-02 -1 122 #xyz tv3 fid bid
           1.0637500000000000e+00   0.0000000000000000e+00   6.3500000000000001e-02 #xyz tv0
           1.0637500000000000e+00  -4.8299999999999996e-02   6.3500000000000001e-02 #xyz tv1
           1.0637500000000000e+00  -1.2074999999999999e-02   4.7625000000000001e-02 12 -1 #xyz tv2 fid bid
           1.0637500000000000e+00   0.0000000000000000e+00   6.3500000000000001e-02 #xyz tv0
           1.0637500000000000e+00  -4.8299999999999996e-02   6.3500000000000001e-02 #xyz tv1
           1.0637500000000000e+00  -1.2074999999999999e-02   4.7625000000000001e-02 160 -1 #xyz tv2 fid bid
           1.0637500000000000e+00   2.4149999999999998e-02   3.1750000000000000e-02 #xyz tv0
           1.0637500000000000e+00   0.0000000000000000e+00   6.3500000000000001e-02 #xyz tv1
           1.0637500000000000e+00  -1.2074999999999999e-02   4.7625000000000001e-02 12 -1 #xyz tv2 fid bid
           1.0637500000000000e+00   2.4149999999999998e-02   3.1750000000000000e-02 #xyz tv0
           1.0637500000000000e+00   0.0000000000000000e+00   6.3500000000000001e-02 #xyz tv1
           1.0637500000000000e+00  -1.2074999999999999e-02   4.7625000000000001e-02 160 -1 #xyz tv2 fid bid
           1.0637500000000000e+00  -1.2074999999999999e-02   4.7625000000000001e-02 #xyz ev0
           1.0637500000000000e+00   0.0000000000000000e+00   6.3500000000000001e-02 -1 122 #xyz ev1 fid bid
   0   0.000000000000e+00   0.000000000000e+00   0.000000000000e+00 #flag location
END_ERR 
G3dErrFileVersion 2018P3.1
FlagFileMetaData Begin
   Mesh Size - Setup1, Refinement, Pass #2, Freq. 1.000000e+10 :Title    
   Listing of mesh elements with small segments. :ToolTip  
   hf3d :Author   
   1698486265 :TimeStamp
FlagFileMetaData End
BEGIN_ERR 
26 Small mesh segment detected on body : Substract
 Small mesh segment detected on body : Substract 
 Segment Statistics - Number of Segments : 1 --- Segment length(s) : 0.025659cm. The cutoff frequency for S-Matrix Only Solve is 6.42022610557876MHz 
3 -1  12  160  # nfids, fids[]
2 6  -1  # nbids, bids[]
      4 4 1 0 #ntets ntri ned npts
           1.0637500000000000e+00  -1.7809805660452663e-02   1.0166679282404721e-01 #xyz tv0
           1.0637500000000000e+00  -4.8299999999999996e-02   1.2700000000000000e-01 #xyz tv1
           9.3596250000000003e-01   4.8299999999999996e-02   1.2700000000000000e-01 #xyz tv2
           1.0637500000000000e+00  -2.1885937499999997e-02   1.2700000000000000e-01 -1 6 #xyz tv3 fid bid
           1.0637500000000000e+00  -1.7809805660452663e-02   1.0166679282404721e-01 #xyz tv0
           1.0637500000000000e+00  -2.1885937499999997e-02   1.2700000000000000e-01 #xyz tv1
           9.3596250000000003e-01   4.8299999999999996e-02   1.2700000000000000e-01 #xyz tv2
           1.0637500000000000e+00   6.0374999999999995e-03   1.2700000000000000e-01 -1 6 #xyz tv3 fid bid
           1.0637500000000000e+00  -2.1885937499999997e-02   1.2700000000000000e-01 #xyz tv0
           1.2308175551611233e+00  -6.0527907295191696e-02   9.1564801162951293e-02 #xyz tv1
           1.0637500000000000e+00  -1.7809805660452663e-02   1.0166679282404721e-01 #xyz tv2
           1.0637500000000000e+00  -4.8299999999999996e-02   1.2700000000000000e-01 -1 6 #xyz tv3 fid bid
           1.0637500000000000e+00  -2.1885937499999997e-02   1.2700000000000000e-01 #xyz tv0
           1.0637500000000000e+00  -1.7809805660452663e-02   1.0166679282404721e-01 #xyz tv1
           1.2308175551611233e+00  -6.0527907295191696e-02   9.1564801162951293e-02 #xyz tv2
           1.0637500000000000e+00   6.0374999999999995e-03   1.2700000000000000e-01 -1 6 #xyz tv3 fid bid
           1.0637500000000000e+00  -2.1885937499999997e-02   1.2700000000000000e-01 #xyz tv0
           1.0637500000000000e+00  -1.7809805660452663e-02   1.0166679282404721e-01 #xyz tv1
           1.0637500000000000e+00   6.0374999999999995e-03   1.2700000000000000e-01 12 -1 #xyz tv2 fid bid
           1.0637500000000000e+00  -2.1885937499999997e-02   1.2700000000000000e-01 #xyz tv0
           1.0637500000000000e+00  -1.7809805660452663e-02   1.0166679282404721e-01 #xyz tv1
           1.0637500000000000e+00   6.0374999999999995e-03   1.2700000000000000e-01 160 -1 #xyz tv2 fid bid
           1.0637500000000000e+00  -2.1885937499999997e-02   1.2700000000000000e-01 #xyz tv0
           1.0637500000000000e+00  -4.8299999999999996e-02   1.2700000000000000e-01 #xyz tv1
           1.0637500000000000e+00  -1.7809805660452663e-02   1.0166679282404721e-01 12 -1 #xyz tv2 fid bid
           1.0637500000000000e+00  -2.1885937499999997e-02   1.2700000000000000e-01 #xyz tv0
           1.0637500000000000e+00  -4.8299999999999996e-02   1.2700000000000000e-01 #xyz tv1
           1.0637500000000000e+00  -1.7809805660452663e-02   1.0166679282404721e-01 160 -1 #xyz tv2 fid bid
           1.0637500000000000e+00  -2.1885937499999997e-02   1.2700000000000000e-01 #xyz ev0
           1.0637500000000000e+00  -1.7809805660452663e-02   1.0166679282404721e-01 -1 6 #xyz ev1 fid bid
   0   0.000000000000e+00   0.000000000000e+00   0.000000000000e+00 #flag location
END_ERR 
G3dErrFileVersion 2018P3.1
FlagFileMetaData Begin
   Mesh Size - Setup1, Refinement, Pass #3, Freq. 1.000000e+10 :Title    
   Listing of mesh elements with small segments. :ToolTip  
   hf3d :Author   
   1698486268 :TimeStamp
FlagFileMetaData End
BEGIN_ERR 
26 Small mesh segment detected on body : Substract
 Small mesh segment detected on body : Substract 
 Segment Statistics - Number of Segments : 1 --- Segment length(s) : 0.025389cm. The cutoff frequency for S-Matrix Only Solve is 6.42022610557876MHz 
3 -1  12  160  # nfids, fids[]
2 6  -1  # nbids, bids[]
      4 4 1 0 #ntets ntri ned npts
           1.0637500000000000e+00  -1.7809805660452663e-02   1.0166679282404721e-01 #xyz tv0
           1.0637500000000000e+00  -4.8299999999999996e-02   1.2700000000000000e-01 #xyz tv1
           1.0158248394992984e+00  -7.4734298140914351e-03   1.2700000000000000e-01 #xyz tv2
           1.0637500000000000e+00  -1.9498059082031248e-02   1.2700000000000000e-01 -1 6 #xyz tv3 fid bid
           1.0637500000000000e+00  -1.9498059082031248e-02   1.2700000000000000e-01 #xyz tv0
           1.2001065384624869e+00  -5.2475595606864343e-02   1.0854208183932591e-01 #xyz tv1
           1.0637500000000000e+00  -1.7809805660452663e-02   1.0166679282404721e-01 #xyz tv2
           1.0637500000000000e+00  -4.8299999999999996e-02   1.2700000000000000e-01 -1 6 #xyz tv3 fid bid
           1.0158248394992984e+00  -7.4734298140914351e-03   1.2700000000000000e-01 #xyz tv0
           1.0637500000000000e+00  -1.7809805660452663e-02   1.0166679282404721e-01 #xyz tv1
           1.0637500000000000e+00  -1.9498059082031248e-02   1.2700000000000000e-01 #xyz tv2
           1.0637500000000000e+00   9.6222656249999993e-03   1.2700000000000000e-01 -1 6 #xyz tv3 fid bid
           1.0637500000000000e+00  -1.9498059082031248e-02   1.2700000000000000e-01 #xyz tv0
           1.0637500000000000e+00  -1.7809805660452663e-02   1.0166679282404721e-01 #xyz tv1
           1.2001065384624869e+00  -5.2475595606864343e-02   1.0854208183932591e-01 #xyz tv2
           1.0637500000000000e+00   9.6222656249999993e-03   1.2700000000000000e-01 -1 6 #xyz tv3 fid bid
           1.0637500000000000e+00  -1.9498059082031248e-02   1.2700000000000000e-01 #xyz tv0
           1.0637500000000000e+00  -1.7809805660452663e-02   1.0166679282404721e-01 #xyz tv1
           1.0637500000000000e+00   9.6222656249999993e-03   1.2700000000000000e-01 12 -1 #xyz tv2 fid bid
           1.0637500000000000e+00  -1.9498059082031248e-02   1.2700000000000000e-01 #xyz tv0
           1.0637500000000000e+00  -1.7809805660452663e-02   1.0166679282404721e-01 #xyz tv1
           1.0637500000000000e+00   9.6222656249999993e-03   1.2700000000000000e-01 160 -1 #xyz tv2 fid bid
           1.0637500000000000e+00  -1.9498059082031248e-02   1.2700000000000000e-01 #xyz tv0
           1.0637500000000000e+00  -4.8299999999999996e-02   1.2700000000000000e-01 #xyz tv1
           1.0637500000000000e+00  -1.7809805660452663e-02   1.0166679282404721e-01 12 -1 #xyz tv2 fid bid
           1.0637500000000000e+00  -1.9498059082031248e-02   1.2700000000000000e-01 #xyz tv0
           1.0637500000000000e+00  -4.8299999999999996e-02   1.2700000000000000e-01 #xyz tv1
           1.0637500000000000e+00  -1.7809805660452663e-02   1.0166679282404721e-01 160 -1 #xyz tv2 fid bid
           1.0637500000000000e+00  -1.9498059082031248e-02   1.2700000000000000e-01 #xyz ev0
           1.0637500000000000e+00  -1.7809805660452663e-02   1.0166679282404721e-01 -1 6 #xyz ev1 fid bid
   0   0.000000000000e+00   0.000000000000e+00   0.000000000000e+00 #flag location
END_ERR 
G3dErrFileVersion 2018P3.1
FlagFileMetaData Begin
   Mesh Size - Setup1, Refinement, Pass #4, Freq. 1.000000e+10 :Title    
   Listing of mesh elements with small segments. :ToolTip  
   hf3d :Author   
   1698486271 :TimeStamp
FlagFileMetaData End
BEGIN_ERR 
26 Small mesh segment detected on body : Region
 Small mesh segment detected on body : Region 
 Segment Statistics - Number of Segments : 1 --- Segment length(s) : 0.025341cm. The cutoff frequency for S-Matrix Only Solve is 6.42022610557876MHz 
3 -1  12  160  # nfids, fids[]
2 122  -1  # nbids, bids[]
      5 4 1 0 #ntets ntri ned npts
           1.0637500000000000e+00  -1.7809805660452663e-02   1.0166679282404721e-01 #xyz tv0
           1.0637500000000000e+00  -1.7171646981127560e-02   1.2700000000000000e-01 #xyz tv1
           1.1755901420435275e+00   3.0016801823913818e-02   1.0433631164662210e-01 #xyz tv2
           1.1905208251852635e+00  -5.1746276718942753e-02   1.1267949829197232e-01 -1 122 #xyz tv3 fid bid
           1.0637500000000000e+00  -1.7809805660452663e-02   1.0166679282404721e-01 #xyz tv0
           1.1755901420435275e+00   3.0016801823913818e-02   1.0433631164662210e-01 #xyz tv1
           1.0637500000000000e+00  -1.7171646981127560e-02   1.2700000000000000e-01 #xyz tv2
           1.0637500000000000e+00   1.4791420780867337e-02   1.2700000000000000e-01 -1 122 #xyz tv3 fid bid
           1.0637500000000000e+00  -1.7171646981127560e-02   1.2700000000000000e-01 #xyz tv0
           1.1905208251852635e+00  -5.1746276718942753e-02   1.1267949829197232e-01 #xyz tv1
           1.0637500000000000e+00  -1.7809805660452663e-02   1.0166679282404721e-01 #xyz tv2
           1.0637500000000000e+00  -4.8299999999999996e-02   1.2700000000000000e-01 -1 122 #xyz tv3 fid bid
           1.0102198667289488e+00  -1.9627472227645806e-03   1.2700000000000000e-01 #xyz tv0
           1.0637500000000000e+00  -1.7809805660452663e-02   1.0166679282404721e-01 #xyz tv1
           1.0637500000000000e+00  -1.7171646981127560e-02   1.2700000000000000e-01 #xyz tv2
           1.0637500000000000e+00   1.4791420780867337e-02   1.2700000000000000e-01 -1 122 #xyz tv3 fid bid
           1.0637500000000000e+00  -1.7809805660452663e-02   1.0166679282404721e-01 #xyz tv0
           1.0637500000000000e+00  -4.8299999999999996e-02   1.2700000000000000e-01 #xyz tv1
           1.0102198667289488e+00  -1.9627472227645806e-03   1.2700000000000000e-01 #xyz tv2
           1.0637500000000000e+00  -1.7171646981127560e-02   1.2700000000000000e-01 -1 122 #xyz tv3 fid bid
           1.0637500000000000e+00  -1.7171646981127560e-02   1.2700000000000000e-01 #xyz tv0
           1.0637500000000000e+00  -1.7809805660452663e-02   1.0166679282404721e-01 #xyz tv1
           1.0637500000000000e+00   1.4791420780867337e-02   1.2700000000000000e-01 12 -1 #xyz tv2 fid bid
           1.0637500000000000e+00  -1.7171646981127560e-02   1.2700000000000000e-01 #xyz tv0
           1.0637500000000000e+00  -1.7809805660452663e-02   1.0166679282404721e-01 #xyz tv1
           1.0637500000000000e+00   1.4791420780867337e-02   1.2700000000000000e-01 160 -1 #xyz tv2 fid bid
           1.0637500000000000e+00  -1.7171646981127560e-02   1.2700000000000000e-01 #xyz tv0
           1.0637500000000000e+00  -4.8299999999999996e-02   1.2700000000000000e-01 #xyz tv1
           1.0637500000000000e+00  -1.7809805660452663e-02   1.0166679282404721e-01 12 -1 #xyz tv2 fid bid
           1.0637500000000000e+00  -1.7171646981127560e-02   1.2700000000000000e-01 #xyz tv0
           1.0637500000000000e+00  -4.8299999999999996e-02   1.2700000000000000e-01 #xyz tv1
           1.0637500000000000e+00  -1.7809805660452663e-02   1.0166679282404721e-01 160 -1 #xyz tv2 fid bid
           1.0637500000000000e+00  -1.7171646981127560e-02   1.2700000000000000e-01 #xyz ev0
           1.0637500000000000e+00  -1.7809805660452663e-02   1.0166679282404721e-01 -1 122 #xyz ev1 fid bid
   0   0.000000000000e+00   0.000000000000e+00   0.000000000000e+00 #flag location
END_ERR 
G3dErrFileVersion 2018P3.1
FlagFileMetaData Begin
   Mesh Size - Setup1, Refinement, Pass #4, Freq. 1.000000e+10 :Title    
   Listing of mesh elements with small segments. :ToolTip  
   hf3d :Author   
   1698486542 :TimeStamp
FlagFileMetaData End
BEGIN_ERR 
26 Small mesh segment detected on body : Region
 Small mesh segment detected on body : Region 
 Segment Statistics - Number of Segments : 1 --- Segment length(s) : 0.025341cm. The cutoff frequency for S-Matrix Only Solve is 6.42022610557876MHz 
3 -1  12  160  # nfids, fids[]
2 122  -1  # nbids, bids[]
      5 4 1 0 #ntets ntri ned npts
           1.0637500000000000e+00  -1.7809805660452663e-02   1.0166679282404721e-01 #xyz tv0
           1.0637500000000000e+00  -1.7171646981127560e-02   1.2700000000000000e-01 #xyz tv1
           1.1755901420435275e+00   3.0016801823913818e-02   1.0433631164662210e-01 #xyz tv2
           1.1905208251852635e+00  -5.1746276718942753e-02   1.1267949829197232e-01 -1 122 #xyz tv3 fid bid
           1.0637500000000000e+00  -1.7809805660452663e-02   1.0166679282404721e-01 #xyz tv0
           1.1755901420435275e+00   3.0016801823913818e-02   1.0433631164662210e-01 #xyz tv1
           1.0637500000000000e+00  -1.7171646981127560e-02   1.2700000000000000e-01 #xyz tv2
           1.0637500000000000e+00   1.4791420780867337e-02   1.2700000000000000e-01 -1 122 #xyz tv3 fid bid
           1.0637500000000000e+00  -1.7171646981127560e-02   1.2700000000000000e-01 #xyz tv0
           1.1905208251852635e+00  -5.1746276718942753e-02   1.1267949829197232e-01 #xyz tv1
           1.0637500000000000e+00  -1.7809805660452663e-02   1.0166679282404721e-01 #xyz tv2
           1.0637500000000000e+00  -4.8299999999999996e-02   1.2700000000000000e-01 -1 122 #xyz tv3 fid bid
           1.0102198667289488e+00  -1.9627472227645806e-03   1.2700000000000000e-01 #xyz tv0
           1.0637500000000000e+00  -1.7809805660452663e-02   1.0166679282404721e-01 #xyz tv1
           1.0637500000000000e+00  -1.7171646981127560e-02   1.2700000000000000e-01 #xyz tv2
           1.0637500000000000e+00   1.4791420780867337e-02   1.2700000000000000e-01 -1 122 #xyz tv3 fid bid
           1.0637500000000000e+00  -1.7809805660452663e-02   1.0166679282404721e-01 #xyz tv0
           1.0637500000000000e+00  -4.8299999999999996e-02   1.2700000000000000e-01 #xyz tv1
           1.0102198667289488e+00  -1.9627472227645806e-03   1.2700000000000000e-01 #xyz tv2
           1.0637500000000000e+00  -1.7171646981127560e-02   1.2700000000000000e-01 -1 122 #xyz tv3 fid bid
           1.0637500000000000e+00  -1.7171646981127560e-02   1.2700000000000000e-01 #xyz tv0
           1.0637500000000000e+00  -1.7809805660452663e-02   1.0166679282404721e-01 #xyz tv1
           1.0637500000000000e+00   1.4791420780867337e-02   1.2700000000000000e-01 12 -1 #xyz tv2 fid bid
           1.0637500000000000e+00  -1.7171646981127560e-02   1.2700000000000000e-01 #xyz tv0
           1.0637500000000000e+00  -1.7809805660452663e-02   1.0166679282404721e-01 #xyz tv1
           1.0637500000000000e+00   1.4791420780867337e-02   1.2700000000000000e-01 160 -1 #xyz tv2 fid bid
           1.0637500000000000e+00  -1.7171646981127560e-02   1.2700000000000000e-01 #xyz tv0
           1.0637500000000000e+00  -4.8299999999999996e-02   1.2700000000000000e-01 #xyz tv1
           1.0637500000000000e+00  -1.7809805660452663e-02   1.0166679282404721e-01 12 -1 #xyz tv2 fid bid
           1.0637500000000000e+00  -1.7171646981127560e-02   1.2700000000000000e-01 #xyz tv0
           1.0637500000000000e+00  -4.8299999999999996e-02   1.2700000000000000e-01 #xyz tv1
           1.0637500000000000e+00  -1.7809805660452663e-02   1.0166679282404721e-01 160 -1 #xyz tv2 fid bid
           1.0637500000000000e+00  -1.7171646981127560e-02   1.2700000000000000e-01 #xyz ev0
           1.0637500000000000e+00  -1.7809805660452663e-02   1.0166679282404721e-01 -1 122 #xyz ev1 fid bid
   0   0.000000000000e+00   0.000000000000e+00   0.000000000000e+00 #flag location
END_ERR 
G3dErrFileVersion 2018P3.1
FlagFileMetaData Begin
   Mesh Size - Setup1, Refinement, Pass #5, Freq. 1.000000e+10 :Title    
   Listing of mesh elements with small segments. :ToolTip  
   hf3d :Author   
   1698486545 :TimeStamp
FlagFileMetaData End
BEGIN_ERR 
26 Small mesh segment detected on body : Substract
 Small mesh segment detected on body : Substract 
 Segment Statistics - Number of Segments : 1 --- Segment length(s) : 0.023011cm. The cutoff frequency for S-Matrix Only Solve is 6.42022610557876MHz 
3 -1  12  160  # nfids, fids[]
2 6  -1  # nbids, bids[]
      6 4 1 0 #ntets ntri ned npts
           1.0637500000000000e+00  -1.5658053467578516e-02   1.0399977510121697e-01 #xyz tv0
           1.0637500000000000e+00  -1.6376631564383091e-02   1.2700000000000000e-01 #xyz tv1
           1.0140372552263677e+00  -2.1763913229680392e-02   1.0228272044400227e-01 #xyz tv2
           1.0065190913564295e+00  -9.3751153879447087e-04   1.2700000000000000e-01 -1 6 #xyz tv3 fid bid
           1.0637500000000000e+00  -1.5658053467578516e-02   1.0399977510121697e-01 #xyz tv0
           1.0140372552263677e+00  -2.1763913229680392e-02   1.0228272044400227e-01 #xyz tv1
           1.0637500000000000e+00  -1.6376631564383091e-02   1.2700000000000000e-01 #xyz tv2
           1.0637500000000000e+00  -4.8299999999999996e-02   1.2700000000000000e-01 -1 6 #xyz tv3 fid bid
           1.0065190913564295e+00  -9.3751153879447087e-04   1.2700000000000000e-01 #xyz tv0
           1.0637500000000000e+00  -1.5658053467578516e-02   1.0399977510121697e-01 #xyz tv1
           1.0637500000000000e+00  -1.6376631564383091e-02   1.2700000000000000e-01 #xyz tv2
           1.0637500000000000e+00   1.5771302780517533e-02   1.2700000000000000e-01 -1 6 #xyz tv3 fid bid
           1.0637500000000000e+00  -1.6376631564383091e-02   1.2700000000000000e-01 #xyz tv0
           1.1905208251852635e+00  -5.1746276718942753e-02   1.1267949829197232e-01 #xyz tv1
           1.0637500000000000e+00  -1.5658053467578516e-02   1.0399977510121697e-01 #xyz tv2
           1.0637500000000000e+00  -4.8299999999999996e-02   1.2700000000000000e-01 -1 6 #xyz tv3 fid bid
           1.0637500000000000e+00  -1.5658053467578516e-02   1.0399977510121697e-01 #xyz tv0
           1.1510941549702904e+00   3.2178025038873043e-02   1.0271109252572273e-01 #xyz tv1
           1.0637500000000000e+00  -1.6376631564383091e-02   1.2700000000000000e-01 #xyz tv2
           1.0637500000000000e+00   1.5771302780517533e-02   1.2700000000000000e-01 -1 6 #xyz tv3 fid bid
           1.0637500000000000e+00  -1.5658053467578516e-02   1.0399977510121697e-01 #xyz tv0
           1.0637500000000000e+00  -1.6376631564383091e-02   1.2700000000000000e-01 #xyz tv1
           1.1510941549702904e+00   3.2178025038873043e-02   1.0271109252572273e-01 #xyz tv2
           1.1905208251852635e+00  -5.1746276718942753e-02   1.1267949829197232e-01 -1 6 #xyz tv3 fid bid
           1.0637500000000000e+00  -1.6376631564383091e-02   1.2700000000000000e-01 #xyz tv0
           1.0637500000000000e+00  -1.5658053467578516e-02   1.0399977510121697e-01 #xyz tv1
           1.0637500000000000e+00   1.5771302780517533e-02   1.2700000000000000e-01 12 -1 #xyz tv2 fid bid
           1.0637500000000000e+00  -1.6376631564383091e-02   1.2700000000000000e-01 #xyz tv0
           1.0637500000000000e+00  -1.5658053467578516e-02   1.0399977510121697e-01 #xyz tv1
           1.0637500000000000e+00   1.5771302780517533e-02   1.2700000000000000e-01 160 -1 #xyz tv2 fid bid
           1.0637500000000000e+00  -1.6376631564383091e-02   1.2700000000000000e-01 #xyz tv0
           1.0637500000000000e+00  -4.8299999999999996e-02   1.2700000000000000e-01 #xyz tv1
           1.0637500000000000e+00  -1.5658053467578516e-02   1.0399977510121697e-01 12 -1 #xyz tv2 fid bid
           1.0637500000000000e+00  -1.6376631564383091e-02   1.2700000000000000e-01 #xyz tv0
           1.0637500000000000e+00  -4.8299999999999996e-02   1.2700000000000000e-01 #xyz tv1
           1.0637500000000000e+00  -1.5658053467578516e-02   1.0399977510121697e-01 160 -1 #xyz tv2 fid bid
           1.0637500000000000e+00  -1.6376631564383091e-02   1.2700000000000000e-01 #xyz ev0
           1.0637500000000000e+00  -1.5658053467578516e-02   1.0399977510121697e-01 -1 6 #xyz ev1 fid bid
   0   0.000000000000e+00   0.000000000000e+00   0.000000000000e+00 #flag location
END_ERR 
G3dErrFileVersion 2018P3.1
FlagFileMetaData Begin
   Mesh Size - Setup2, Refinement, Pass #1, Freq. 9.488200e+09 :Title    
   Listing of mesh elements with small segments. :ToolTip  
   hf3d :Author   
   1698487478 :TimeStamp
FlagFileMetaData End
BEGIN_ERR 
26 Small mesh segment detected on body : Region
 Small mesh segment detected on body : Region 
 Segment Statistics - Number of Segments : 1 --- Segment length(s) : 0.024150cm. The cutoff frequency for S-Matrix Only Solve is 6.42022610557876MHz 
3 -1  12  160  # nfids, fids[]
2 122  -1  # nbids, bids[]
      5 4 1 0 #ntets ntri ned npts
           1.0637500000000000e+00   4.8299999999999996e-02   6.3500000000000015e-02 #xyz tv0
           1.0637500000000000e+00   2.4149999999999998e-02   9.5250000000000001e-02 #xyz tv1
           1.2512614449225241e+00  -1.0427009848027466e-01   1.3261639258720531e-01 #xyz tv2
           1.0637500000000000e+00   2.4149999999999998e-02   6.3500000000000001e-02 -1 122 #xyz tv3 fid bid
           1.2512614449225241e+00  -1.0427009848027466e-01   1.3261639258720531e-01 #xyz tv0
           1.0637500000000000e+00   2.4149999999999998e-02   6.3500000000000001e-02 #xyz tv1
           1.0637500000000000e+00   4.8299999999999996e-02   2.1684043449710107e-17 #xyz tv2
           1.0637500000000000e+00   4.8299999999999996e-02   6.3500000000000015e-02 -1 122 #xyz tv3 fid bid
           1.0637500000000000e+00   4.8299999999999996e-02   6.3500000000000015e-02 #xyz tv0
           1.0637500000000000e+00   2.4149999999999998e-02   6.3500000000000001e-02 #xyz tv1
           8.0817500000000009e-01   4.8299999999999996e-02   1.2700000000000000e-01 #xyz tv2
           1.0637500000000000e+00   2.4149999999999998e-02   9.5250000000000001e-02 -1 122 #xyz tv3 fid bid
           1.0637500000000000e+00   4.8299999999999996e-02   2.1684043449710107e-17 #xyz tv0
           1.0637500000000000e+00   2.4149999999999998e-02   6.3500000000000001e-02 #xyz tv1
           7.9669411549665603e-01   1.5777986224059171e-01   1.6329794136128562e-17 #xyz tv2
           1.0637500000000000e+00   4.8299999999999996e-02   6.3500000000000015e-02 -1 122 #xyz tv3 fid bid
           1.0637500000000000e+00   4.8299999999999996e-02   6.3500000000000015e-02 #xyz tv0
           8.0817500000000009e-01   4.8299999999999996e-02   1.2700000000000000e-01 #xyz tv1
           1.0637500000000000e+00   2.4149999999999998e-02   6.3500000000000001e-02 #xyz tv2
           7.9669411549665603e-01   1.5777986224059171e-01   1.6329794136128562e-17 -1 122 #xyz tv3 fid bid
           1.0637500000000000e+00   2.4149999999999998e-02   6.3500000000000001e-02 #xyz tv0
           1.0637500000000000e+00   4.8299999999999996e-02   2.1684043449710107e-17 #xyz tv1
           1.0637500000000000e+00   4.8299999999999996e-02   6.3500000000000015e-02 12 -1 #xyz tv2 fid bid
           1.0637500000000000e+00   2.4149999999999998e-02   6.3500000000000001e-02 #xyz tv0
           1.0637500000000000e+00   4.8299999999999996e-02   2.1684043449710107e-17 #xyz tv1
           1.0637500000000000e+00   4.8299999999999996e-02   6.3500000000000015e-02 160 -1 #xyz tv2 fid bid
           1.0637500000000000e+00   4.8299999999999996e-02   6.3500000000000015e-02 #xyz tv0
           1.0637500000000000e+00   2.4149999999999998e-02   9.5250000000000001e-02 #xyz tv1
           1.0637500000000000e+00   2.4149999999999998e-02   6.3500000000000001e-02 12 -1 #xyz tv2 fid bid
           1.0637500000000000e+00   4.8299999999999996e-02   6.3500000000000015e-02 #xyz tv0
           1.0637500000000000e+00   2.4149999999999998e-02   9.5250000000000001e-02 #xyz tv1
           1.0637500000000000e+00   2.4149999999999998e-02   6.3500000000000001e-02 160 -1 #xyz tv2 fid bid
           1.0637500000000000e+00   4.8299999999999996e-02   6.3500000000000015e-02 #xyz ev0
           1.0637500000000000e+00   2.4149999999999998e-02   6.3500000000000001e-02 -1 122 #xyz ev1 fid bid
   0   0.000000000000e+00   0.000000000000e+00   0.000000000000e+00 #flag location
END_ERR 
G3dErrFileVersion 2018P3.1
FlagFileMetaData Begin
   Mesh Size - Setup2, Refinement, Pass #2, Freq. 9.488200e+09 :Title    
   Listing of mesh elements with small segments. :ToolTip  
   hf3d :Author   
   1698487481 :TimeStamp
FlagFileMetaData End
BEGIN_ERR 
26 Small mesh segment detected on body : Region
 Small mesh segment detected on body : Region 
 Segment Statistics - Number of Segments : 1 --- Segment length(s) : 0.024150cm. The cutoff frequency for S-Matrix Only Solve is 6.42022610557876MHz 
3 -1  12  160  # nfids, fids[]
2 122  -1  # nbids, bids[]
      5 4 1 0 #ntets ntri ned npts
           1.0637500000000000e+00   4.8299999999999996e-02   6.3500000000000015e-02 #xyz tv0
           1.1575057224612619e+00  -7.6285049240137320e-02   9.8058196293602656e-02 #xyz tv1
           1.1575057224612619e+00  -7.6285049240137320e-02   6.6308196293602656e-02 #xyz tv2
           1.0637500000000000e+00   2.4149999999999998e-02   6.3500000000000001e-02 -1 122 #xyz tv3 fid bid
           1.0637500000000000e+00   4.8299999999999996e-02   6.3500000000000015e-02 #xyz tv0
           1.0637500000000000e+00   2.4149999999999998e-02   9.5250000000000001e-02 #xyz tv1
           1.1575057224612619e+00  -7.6285049240137320e-02   9.8058196293602656e-02 #xyz tv2
           1.0637500000000000e+00   2.4149999999999998e-02   6.3500000000000001e-02 -1 122 #xyz tv3 fid bid
           1.0637500000000000e+00   4.8299999999999996e-02   2.1684043449710107e-17 #xyz tv0
           1.0637500000000000e+00   4.8299999999999996e-02   6.3500000000000015e-02 #xyz tv1
           1.1575057224612619e+00  -7.6285049240137320e-02   6.6308196293602656e-02 #xyz tv2
           1.0637500000000000e+00   2.4149999999999998e-02   6.3500000000000001e-02 -1 122 #xyz tv3 fid bid
           1.0637500000000000e+00   4.8299999999999996e-02   6.3500000000000015e-02 #xyz tv0
           1.0637500000000000e+00   2.4149999999999998e-02   6.3500000000000001e-02 #xyz tv1
           8.5609531249999993e-01   4.8299999999999996e-02   1.2700000000000000e-01 #xyz tv2
           1.0637500000000000e+00   2.4149999999999998e-02   9.5250000000000001e-02 -1 122 #xyz tv3 fid bid
           1.0637500000000000e+00   4.8299999999999996e-02   2.1684043449710107e-17 #xyz tv0
           8.5609531249999993e-01   4.8299999999999996e-02   1.2700000000000000e-01 #xyz tv1
           1.0637500000000000e+00   4.8299999999999996e-02   6.3500000000000015e-02 #xyz tv2
           1.0637500000000000e+00   2.4149999999999998e-02   6.3500000000000001e-02 -1 122 #xyz tv3 fid bid
           1.0637500000000000e+00   2.4149999999999998e-02   6.3500000000000001e-02 #xyz tv0
           1.0637500000000000e+00   4.8299999999999996e-02   2.1684043449710107e-17 #xyz tv1
           1.0637500000000000e+00   4.8299999999999996e-02   6.3500000000000015e-02 12 -1 #xyz tv2 fid bid
           1.0637500000000000e+00   2.4149999999999998e-02   6.3500000000000001e-02 #xyz tv0
           1.0637500000000000e+00   4.8299999999999996e-02   2.1684043449710107e-17 #xyz tv1
           1.0637500000000000e+00   4.8299999999999996e-02   6.3500000000000015e-02 160 -1 #xyz tv2 fid bid
           1.0637500000000000e+00   4.8299999999999996e-02   6.3500000000000015e-02 #xyz tv0
           1.0637500000000000e+00   2.4149999999999998e-02   9.5250000000000001e-02 #xyz tv1
           1.0637500000000000e+00   2.4149999999999998e-02   6.3500000000000001e-02 12 -1 #xyz tv2 fid bid
           1.0637500000000000e+00   4.8299999999999996e-02   6.3500000000000015e-02 #xyz tv0
           1.0637500000000000e+00   2.4149999999999998e-02   9.5250000000000001e-02 #xyz tv1
           1.0637500000000000e+00   2.4149999999999998e-02   6.3500000000000001e-02 160 -1 #xyz tv2 fid bid
           1.0637500000000000e+00   4.8299999999999996e-02   6.3500000000000015e-02 #xyz ev0
           1.0637500000000000e+00   2.4149999999999998e-02   6.3500000000000001e-02 -1 122 #xyz ev1 fid bid
   0   0.000000000000e+00   0.000000000000e+00   0.000000000000e+00 #flag location
END_ERR 
G3dErrFileVersion 2018P3.1
FlagFileMetaData Begin
   Mesh Size - Setup2, Refinement, Pass #3, Freq. 9.488200e+09 :Title    
   Listing of mesh elements with small segments. :ToolTip  
   hf3d :Author   
   1698487483 :TimeStamp
FlagFileMetaData End
BEGIN_ERR 
26 Small mesh segment detected on body : Region
 Small mesh segment detected on body : Region 
 Segment Statistics - Number of Segments : 1 --- Segment length(s) : 0.024150cm. The cutoff frequency for S-Matrix Only Solve is 6.42022610557876MHz 
3 -1  12  160  # nfids, fids[]
2 122  -1  # nbids, bids[]
      5 4 1 0 #ntets ntri ned npts
           1.0637500000000000e+00   4.8299999999999996e-02   2.1684043449710107e-17 #xyz tv0
           1.0637500000000000e+00   4.8299999999999996e-02   6.3500000000000015e-02 #xyz tv1
           1.1575057224612619e+00  -7.6285049240137320e-02   6.6308196293602656e-02 #xyz tv2
           1.0637500000000000e+00   2.4149999999999998e-02   6.3500000000000001e-02 -1 122 #xyz tv3 fid bid
           1.0637500000000000e+00   2.4149999999999998e-02   6.3500000000000001e-02 #xyz tv0
           9.5992265625000006e-01   4.8299999999999996e-02   1.2700000000000000e-01 #xyz tv1
           1.0637500000000000e+00   4.8299999999999996e-02   2.1684043449710107e-17 #xyz tv2
           1.0637500000000000e+00   4.8299999999999996e-02   6.3500000000000015e-02 -1 122 #xyz tv3 fid bid
           1.0637500000000000e+00   2.4149999999999998e-02   9.5250000000000001e-02 #xyz tv0
           9.5992265625000006e-01   4.8299999999999996e-02   1.2700000000000000e-01 #xyz tv1
           1.0637500000000000e+00   2.4149999999999998e-02   6.3500000000000001e-02 #xyz tv2
           1.0637500000000000e+00   4.8299999999999996e-02   6.3500000000000015e-02 -1 122 #xyz tv3 fid bid
           1.0637500000000000e+00   4.8299999999999996e-02   6.3500000000000015e-02 #xyz tv0
           1.1575057224612619e+00  -7.6285049240137320e-02   9.8058196293602656e-02 #xyz tv1
           1.1575057224612619e+00  -7.6285049240137320e-02   6.6308196293602656e-02 #xyz tv2
           1.0637500000000000e+00   2.4149999999999998e-02   6.3500000000000001e-02 -1 122 #xyz tv3 fid bid
           1.0637500000000000e+00   4.8299999999999996e-02   6.3500000000000015e-02 #xyz tv0
           1.0637500000000000e+00   2.4149999999999998e-02   9.5250000000000001e-02 #xyz tv1
           1.1575057224612619e+00  -7.6285049240137320e-02   9.8058196293602656e-02 #xyz tv2
           1.0637500000000000e+00   2.4149999999999998e-02   6.3500000000000001e-02 -1 122 #xyz tv3 fid bid
           1.0637500000000000e+00   2.4149999999999998e-02   6.3500000000000001e-02 #xyz tv0
           1.0637500000000000e+00   4.8299999999999996e-02   2.1684043449710107e-17 #xyz tv1
           1.0637500000000000e+00   4.8299999999999996e-02   6.3500000000000015e-02 12 -1 #xyz tv2 fid bid
           1.0637500000000000e+00   2.4149999999999998e-02   6.3500000000000001e-02 #xyz tv0
           1.0637500000000000e+00   4.8299999999999996e-02   2.1684043449710107e-17 #xyz tv1
           1.0637500000000000e+00   4.8299999999999996e-02   6.3500000000000015e-02 160 -1 #xyz tv2 fid bid
           1.0637500000000000e+00   4.8299999999999996e-02   6.3500000000000015e-02 #xyz tv0
           1.0637500000000000e+00   2.4149999999999998e-02   9.5250000000000001e-02 #xyz tv1
           1.0637500000000000e+00   2.4149999999999998e-02   6.3500000000000001e-02 12 -1 #xyz tv2 fid bid
           1.0637500000000000e+00   4.8299999999999996e-02   6.3500000000000015e-02 #xyz tv0
           1.0637500000000000e+00   2.4149999999999998e-02   9.5250000000000001e-02 #xyz tv1
           1.0637500000000000e+00   2.4149999999999998e-02   6.3500000000000001e-02 160 -1 #xyz tv2 fid bid
           1.0637500000000000e+00   4.8299999999999996e-02   6.3500000000000015e-02 #xyz ev0
           1.0637500000000000e+00   2.4149999999999998e-02   6.3500000000000001e-02 -1 122 #xyz ev1 fid bid
   0   0.000000000000e+00   0.000000000000e+00   0.000000000000e+00 #flag location
END_ERR 
G3dErrFileVersion 2018P3.1
FlagFileMetaData Begin
   Mesh Size - Setup2, Refinement, Pass #4, Freq. 9.488200e+09 :Title    
   Listing of mesh elements with small segments. :ToolTip  
   hf3d :Author   
   1698487486 :TimeStamp
FlagFileMetaData End
BEGIN_ERR 
26 Small mesh segment detected on body : Substract
 Small mesh segment detected on body : Substract 
 Segment Statistics - Number of Segments : 1 --- Segment length(s) : 0.024150cm. The cutoff frequency for S-Matrix Only Solve is 6.42022610557876MHz 
3 -1  12  160  # nfids, fids[]
2 6  -1  # nbids, bids[]
      5 4 1 0 #ntets ntri ned npts
           1.0637500000000000e+00   2.4149999999999998e-02   9.5250000000000001e-02 #xyz tv0
           1.0637500000000000e+00   4.8299999999999996e-02   6.3500000000000015e-02 #xyz tv1
           1.0029191822331456e+00   2.5191690853493383e-02   3.0416996865889997e-02 #xyz tv2
           1.0637500000000000e+00   2.4149999999999998e-02   6.3500000000000001e-02 -1 6 #xyz tv3 fid bid
           1.0029191822331456e+00   2.5191690853493383e-02   3.0416996865889997e-02 #xyz tv0
           1.0637500000000000e+00   2.4149999999999998e-02   6.3500000000000001e-02 #xyz tv1
           1.0637500000000000e+00   4.8299999999999996e-02   6.3500000000000015e-02 #xyz tv2
           1.0637500000000000e+00   4.8299999999999996e-02   2.1684043449710107e-17 -1 6 #xyz tv3 fid bid
           1.0637500000000000e+00   4.8299999999999996e-02   6.3500000000000015e-02 #xyz tv0
           1.0637500000000000e+00   2.4149999999999998e-02   9.5250000000000001e-02 #xyz tv1
           1.1575057224612619e+00  -7.6285049240137320e-02   9.8058196293602656e-02 #xyz tv2
           1.0637500000000000e+00   2.4149999999999998e-02   6.3500000000000001e-02 -1 6 #xyz tv3 fid bid
           1.0637500000000000e+00   4.8299999999999996e-02   2.1684043449710107e-17 #xyz tv0
           1.0637500000000000e+00   4.8299999999999996e-02   6.3500000000000015e-02 #xyz tv1
           1.1575057224612619e+00  -7.6285049240137320e-02   6.6308196293602656e-02 #xyz tv2
           1.0637500000000000e+00   2.4149999999999998e-02   6.3500000000000001e-02 -1 6 #xyz tv3 fid bid
           1.0637500000000000e+00   4.8299999999999996e-02   6.3500000000000015e-02 #xyz tv0
           1.1575057224612619e+00  -7.6285049240137320e-02   9.8058196293602656e-02 #xyz tv1
           1.1575057224612619e+00  -7.6285049240137320e-02   6.6308196293602656e-02 #xyz tv2
           1.0637500000000000e+00   2.4149999999999998e-02   6.3500000000000001e-02 -1 6 #xyz tv3 fid bid
           1.0637500000000000e+00   2.4149999999999998e-02   6.3500000000000001e-02 #xyz tv0
           1.0637500000000000e+00   4.8299999999999996e-02   2.1684043449710107e-17 #xyz tv1
           1.0637500000000000e+00   4.8299999999999996e-02   6.3500000000000015e-02 12 -1 #xyz tv2 fid bid
           1.0637500000000000e+00   2.4149999999999998e-02   6.3500000000000001e-02 #xyz tv0
           1.0637500000000000e+00   4.8299999999999996e-02   2.1684043449710107e-17 #xyz tv1
           1.0637500000000000e+00   4.8299999999999996e-02   6.3500000000000015e-02 160 -1 #xyz tv2 fid bid
           1.0637500000000000e+00   4.8299999999999996e-02   6.3500000000000015e-02 #xyz tv0
           1.0637500000000000e+00   2.4149999999999998e-02   9.5250000000000001e-02 #xyz tv1
           1.0637500000000000e+00   2.4149999999999998e-02   6.3500000000000001e-02 12 -1 #xyz tv2 fid bid
           1.0637500000000000e+00   4.8299999999999996e-02   6.3500000000000015e-02 #xyz tv0
           1.0637500000000000e+00   2.4149999999999998e-02   9.5250000000000001e-02 #xyz tv1
           1.0637500000000000e+00   2.4149999999999998e-02   6.3500000000000001e-02 160 -1 #xyz tv2 fid bid
           1.0637500000000000e+00   4.8299999999999996e-02   6.3500000000000015e-02 #xyz ev0
           1.0637500000000000e+00   2.4149999999999998e-02   6.3500000000000001e-02 -1 6 #xyz ev1 fid bid
   0   0.000000000000e+00   0.000000000000e+00   0.000000000000e+00 #flag location
END_ERR 
G3dErrFileVersion 2018P3.1
FlagFileMetaData Begin
   Mesh Size - Setup2, Refinement, Pass #5, Freq. 9.488200e+09 :Title    
   Listing of mesh elements with small segments. :ToolTip  
   hf3d :Author   
   1698487489 :TimeStamp
FlagFileMetaData End
BEGIN_ERR 
26 Small mesh segment detected on body : Region
 Small mesh segment detected on body : Region 
 Segment Statistics - Number of Segments : 1 --- Segment length(s) : 0.024150cm. The cutoff frequency for S-Matrix Only Solve is 6.42022610557876MHz 
3 -1  12  160  # nfids, fids[]
2 122  -1  # nbids, bids[]
      6 4 1 0 #ntets ntri ned npts
           1.0637500000000000e+00   4.8299999999999996e-02   2.1684043449710107e-17 #xyz tv0
           1.1093402737492513e+00   8.7367799527622719e-02   1.1520603551182586e-02 #xyz tv1
